1 33 4
1 36 4
1 74 4
1 86 2
1 90 3
1 110 3
1 112 4
2 1 4
2 54 2
2 81 4
2 104 4
3 5 5
3 13 3
3 68 4
3 112 5
4 9 2
4 38 5
4 89 3
4 110 4
5 1 3
5 28 3
5 40 4
5 62 3
5 90 3
5 95 2
5 110 3
6 36 4
7 37 5
7 110 4
8 13 4
8 18 5
8 23 4
8 37 4
8 54 4
8 90 3
8 110 3
9 1 3
9 23 4
9 54 3
9 86 3
10 23 5
10 36 5
10 74 4
10 109 5
11 23 5
11 70 2
12 74 4
12 83 4
13 36 5
14 36 4
14 110 3
15 8 3
15 16 4
15 23 4
15 27 3
15 30 3
15 37 4
15 42 3
15 45 3
15 50 3
15 52 4
15 74 5
15 88 3
15 92 4
15 99 3
15 102 4
15 104 4
15 108 3
15 110 3
16 23 3
16 36 3
16 105 3
16 113 5
17 37 3
17 74 3
18 15 4
18 31 5
18 36 3
18 46 5
18 49 3
18 50 2
18 57 3
18 59 3
18 64 4
18 77 5
18 93 4
18 95 4
18 101 4
18 108 3
18 115 3
19 31 3
19 42 4
19 51 3
19 74 4
19 92 3
19 95 4
20 36 4
20 37 5
20 110 1
21 1 4
21 11 4
21 23 5
21 28 2
21 31 3
21 34 5
21 53 4
21 54 4
21 61 4
22 37 4
22 43 3
22 74 4
22 86 4
22 87 3
22 110 3
22 114 3
23 37 4
24 53 4
24 54 4
24 110 4
25 93 3
25 110 3
26 36 4
27 1 3
27 27 3
27 34 4
27 36 4
27 37 4
27 48 4
27 66 3
27 70 5
27 90 3
27 103 3
27 104 3
27 107 3
27 109 4
27 110 4
28 37 4
28 42 4
28 86 4
28 92 3
28 109 4
28 113 2
29 1 3
29 28 3
29 74 4
29 77 4
29 93 3
29 100 5
30 36 4
30 74 5
30 86 4
31 22 3
31 73 3
31 74 4
32 74 4
33 23 4
33 53 2
33 73 4
33 94 4
33 103 3
34 3 4
34 110 5
35 36 5
36 23 3
36 37 4
36 54 2
36 109 4
37 3 4
37 93 3
37 110 4
38 34 4
38 58 5
38 102 4
39 1 4
39 42 5
39 84 3
39 90 3
39 115 2
40 22 4
40 32 4
40 50 1
40 52 3
40 73 2
40 74 4
40 86 4
40 109 5
41 17 3
41 33 4
41 89 3
41 97 4
42 36 3
42 66 4
43 54 3
43 90 3
43 110 3
44 2 3
44 4 3
44 12 3
44 51 3
44 53 3
44 79 3
44 102 4
44 110 3
44 113 3
45 36 4
45 74 4
45 86 4
45 92 4
46 36 3
46 54 3
47 36 3
48 4 3
48 38 4
48 51 2
48 53 5
48 59 5
48 69 4
48 71 4
48 93 4
48 95 3
48 102 4
48 110 3
49 37 4
49 90 4
49 109 5
50 34 3
50 36 4
50 54 4
50 70 2
50 110 3
51 1 3
51 27 3
51 74 4
51 83 4
51 85 3
51 90 3
51 96 3
51 104 4
52 3 4
52 29 5
52 36 4
52 37 4
52 48 2
52 74 4
52 106 4
52 113 4
53 111 4
54 26 3
54 37 4
54 74 4
54 86 3
54 109 3
54 110 3
55 66 4
56 1 3
56 36 4
56 40 3
56 54 2
56 62 3
56 66 4
56 72 3
56 90 3
56 104 2
56 110 3
57 23 3
57 25 3
57 27 2
57 36 4
57 37 5
57 62 5
57 68 4
57 74 4
57 80 3
57 102 3
57 109 5
58 37 4
58 110 4
59 19 2
59 23 4
59 29 4
59 32 2
59 36 4
59 37 4
59 74 3
59 109 5
60 110 4
61 36 4
61 37 4
61 54 3
61 110 4
62 36 3
62 37 4
62 91 4
63 23 5
63 36 3
63 74 4
63 92 3
63 109 4
63 113 3
63 115 2
64 37 4
64 110 3
65 1 4
65 6 4
65 9 3
65 37 4
65 44 5
65 58 5
65 67 4
65 110 3
66 3 3
66 12 4
66 15 3
66 23 3
66 34 5
66 35 3
66 36 4
66 37 4
66 41 3
66 44 4
66 50 3
66 58 5
66 63 3
66 66 4
66 67 4
66 68 4
66 70 4
66 75 3
66 81 4
66 89 3
66 90 3
66 110 4
66 115 3
67 29 5
67 37 5
67 54 3
67 66 4
67 109 4
67 110 3
68 110 5
69 70 2
70 74 4
71 51 4
71 56 4
71 66 3
71 110 4
72 47 4
72 56 3
72 57 3
72 66 4
72 82 4
72 92 4
72 93 3
72 115 3
73 1 4
73 9 3
73 26 3
73 37 4
73 56 3
73 86 4
73 93 4
73 106 3
73 110 3
74 66 3
75 77 3
76 6 5
76 36 5
76 48 4
76 53 3
76 55 4
76 66 5
76 68 5
76 109 5
77 28 4
77 36 4
77 48 3
77 53 3
77 54 3
77 73 4
77 74 4
77 76 4
77 86 4
77 93 3
77 109 4
77 110 3
78 109 4
79 28 4
79 62 4
80 36 4
80 37 5
80 74 5
80 109 4
81 1 3
81 7 3
81 14 3
81 20 3
81 24 3
81 33 3
81 37 4
81 47 3
81 52 3
81 56 3
81 58 3
81 66 3
81 74 4
81 86 3
81 90 3
81 95 3
81 96 3
81 103 3
81 107 3
81 109 5
81 111 3
82 36 4
82 74 4
83 36 3
83 66 4
84 9 3
84 10 4
84 21 3
84 23 5
84 24 3
84 34 4
84 35 2
84 36 4
84 37 4
84 55 3
84 58 5
84 60 4
84 65 4
84 66 4
84 74 4
84 83 4
84 90 1
84 98 4
84 109 4
85 54 4
85 76 4
85 78 4
85 86 4
85 93 4
86 37 4
87 109 4
87 110 3
88 110 2
88 113 4
89 1 4
90 36 4
90 92 3
91 36 5
91 38 4
91 109 5
92 23 5
92 74 4
92 91 5
93 2 3
93 29 5
93 110 4
94 36 4
94 37 3
94 54 3
95 36 5
95 39 4
95 54 2
95 90 3
96 37 5
96 70 4
96 115 4
97 23 5
97 36 4
97 37 4
97 40 5
97 66 4
97 68 4
97 74 4
97 76 4
97 86 4
97 110 3
97 111 4
98 36 4
98 109 4
99 2 5
99 47 3
99 110 4
100 37 4
100 66 4
100 70 3
100 74 4
100 110 4
101 70 4
101 74 4
102 36 4
102 110 3
103 58 5
103 73 3
103 110 3
104 1 3
104 5 4
104 23 4
104 36 4
104 37 4
104 66 4
104 68 4
104 93 3
104 113 3