1 1 5
1 42 5
1 45 5
1 90 5
1 128 5
1 155 4
1 230 4
2 21 1
2 77 5
2 98 5
2 100 4
2 102 3
2 138 3
2 141 4
2 143 3
2 159 4
2 173 3
2 187 5
2 208 3
2 209 4
2 223 4
2 235 4
2 248 3
2 261 5
2 275 4
2 286 4
3 6 2
3 16 3
3 23 1
3 27 5
3 31 4
3 33 3
3 34 3
3 35 4
3 41 3
3 43 5
3 44 2
3 90 2
3 99 4
3 125 3
3 130 3
3 170 2
3 189 3
3 208 4
3 215 1
3 216 2
3 230 4
4 1 4
4 6 2
4 16 3
4 17 4
4 23 1
4 27 5
4 31 4
4 32 4
4 34 3
4 36 3
4 38 4
4 42 5
4 44 3
4 46 5
4 48 2
4 119 5
4 128 2
4 140 4
4 160 4
4 175 2
4 190 3
4 197 3
4 202 3
4 221 4
4 230 3
4 236 4
4 246 2
4 263 3
4 274 4
4 279 1
4 280 2
4 292 4
5 1 4
5 17 4
5 32 4
5 45 5
5 175 5
5 230 3
5 233 5
5 236 4
5 250 2
5 284 4
5 292 3
5 298 4
6 1 4
6 4 3
6 14 4
6 16 4
6 17 4
6 23 4
6 24 5
6 33 4
6 34 3
6 36 3
6 78 5
6 90 4
6 91 4
6 98 3
6 100 5
6 159 4
6 160 4
6 169 3
6 170 5
6 199 5
6 206 3
6 209 4
6 230 4
6 239 2
6 292 3
6 295 5
7 1 4
7 4 3
7 14 4
7 16 4
7 17 4
7 23 4
7 24 5
7 34 4
7 36 3
7 39 3
7 41 5
7 43 4
7 90 3
7 99 5
7 128 4
7 129 4
7 139 3
7 141 5
7 176 4
7 187 5
7 222 3
7 230 3
7 235 4
7 236 4
7 245 3
7 246 5
7 269 5
7 273 3
7 275 4
7 292 4
7 299 2
8 1 5
8 2 5
8 7 4
8 16 4
8 23 3
8 30 5
8 42 4
8 44 5
8 46 4
8 49 5
8 74 3
8 92 3
8 110 2
8 113 3
8 122 4
8 128 3
8 129 2
8 140 4
8 146 5
8 149 5
8 155 5
8 166 3
8 173 4
8 185 5
8 186 4
8 187 4
8 196 4
8 197 3
8 205 4
8 211 4
8 215 5
8 216 5
8 221 4
8 222 4
8 223 4
8 224 3
8 251 4
8 261 5
8 285 3
8 292 3
9 1 5
9 2 5
9 7 4
9 23 3
9 30 5
9 33 3
9 43 5
9 45 4
9 58 5
9 66 1
9 68 4
9 74 5
9 77 3
9 93 3
9 103 3
9 131 3
9 134 3
9 144 4
9 158 2
9 163 3
9 183 4
9 187 5
9 196 2
9 204 3
9 206 4
9 215 5
9 216 1
9 220 5
9 223 5
9 230 5
9 243 3
9 248 4
9 259 5
9 260 4
9 261 4
9 267 3
9 272 4
9 279 5
9 280 5
9 284 4
9 285 4
9 286 4
9 287 3
10 34 3
10 46 5
10 78 5
10 79 1
10 93 5
10 98 3
10 204 3
10 218 4
10 240 2
10 261 5
10 271 3
10 273 4
10 279 5
10 280 1
11 2 3
11 10 3
11 21 3
11 43 4
11 92 3
11 99 5
11 102 3
11 155 5
11 175 4
11 185 3
11 187 4
11 194 4
11 209 3
11 223 2
11 233 3
12 2 3
12 10 3
12 21 3
12 46 4
12 131 3
12 143 3
12 175 5
12 230 5
12 250 4
12 259 3
12 261 4
12 265 4
12 275 3
12 286 2
12 295 3
13 6 4
13 41 4
13 57 4
13 74 4
13 77 5
13 86 4
13 97 2
13 98 4
13 134 2
13 152 3
13 155 4
13 160 4
13 175 3
13 176 4
13 215 4
13 216 1
13 223 3
13 233 3
13 250 5
14 6 4
14 23 3
14 28 5
14 30 5
14 31 5
14 43 5
14 44 4
14 69 4
14 77 4
14 93 4
14 98 5
14 99 5
14 100 4
14 101 4
14 121 4
14 129 4
14 138 2
14 139 4
14 145 5
14 155 5
14 174 5
14 175 5
14 187 5
14 188 4
14 194 3
14 202 3
14 204 2
14 215 5
14 227 3
14 230 4
14 236 4
14 250 3
14 251 4
14 279 4
14 280 1
14 286 3
14 295 3
15 1 4
15 2 2
15 10 5
15 17 4
15 27 3
15 31 5
15 38 4
15 41 1
15 42 4
15 43 5
15 67 3
15 71 1
15 77 5
15 96 4
15 100 5
15 103 1
15 122 1
15 135 4
15 155 5
15 156 5
15 160 3
15 170 4
15 175 5
15 177 5
15 213 5
15 221 5
15 222 4
15 223 3
15 230 2
15 233 3
15 236 2
16 10 5
16 17 4
16 23 3
16 28 5
16 30 5
16 32 5
16 41 4
16 46 5
16 59 1
16 98 4
16 102 5
16 118 3
16 129 5
16 140 5
16 141 4
16 142 4
16 155 3
16 187 4
16 194 5
16 196 4
16 208 5
16 215 4
16 219 5
16 221 3
16 223 2
16 230 5
16 233 4
16 249 5
16 250 5
16 261 5
16 262 4
16 265 3
16 279 5
17 1 4
17 2 2
17 10 5
17 17 4
17 27 3
17 32 5
17 41 4
17 44 1
17 45 4
17 46 5
17 54 4
17 77 5
17 80 3
17 85 1
17 98 5
17 136 4
17 141 5
17 146 1
17 183 1
17 205 4
17 230 5
17 231 5
17 236 3
17 246 4
17 250 5
17 277 5
17 284 5
17 285 4
17 286 3
17 292 2
17 295 3
18 10 5
18 16 4
18 17 4
18 30 4
18 34 2
18 44 4
18 63 4
18 71 1
18 74 3
18 77 4
18 79 2
18 88 2
18 98 3
18 100 3
18 102 3
18 110 4
18 112 2
18 126 2
18 129 4
18 133 2
18 134 3
18 143 5
18 146 2
18 151 2
18 152 3
18 170 2
18 173 3
18 174 3
18 175 3
18 182 2
18 185 3
18 187 5
18 195 3
18 196 5
18 197 3
18 205 2
18 213 1
18 223 4
18 224 3
18 230 3
18 233 4
18 261 4
18 265 5
18 279 4
18 284 3
18 286 2
18 292 4
18 295 4
19 1 4
19 6 3
19 11 2
19 16 4
19 27 3
19 30 4
19 34 4
19 39 4
19 43 4
19 44 5
19 48 3
19 54 4
19 59 3
19 66 4
19 78 3
19 83 3
19 98 5
19 99 2
19 117 4
19 118 4
19 138 3
19 174 2
19 185 3
19 188 2
19 193 2
19 194 3
19 208 2
19 222 3
19 230 5
20 1 3
20 43 5
20 77 4
20 92 4
20 155 5
20 156 4
20 178 4
20 194 3
20 221 4
20 233 3
21 10 3
21 16 4
21 30 4
21 36 2
21 75 4
21 77 3
21 85 4
21 90 4
21 93 3
21 95 3
21 98 4
21 100 2
21 124 2
21 129 5
21 139 3
21 141 3
21 143 3
21 155 5
21 158 4
21 162 2
21 191 2
21 194 2
21 196 4
21 203 2
21 204 3
21 220 2
21 226 2
21 227 3
21 246 2
21 248 3
21 250 3
21 256 2
21 259 3
21 261 5
21 266 3
21 267 3
21 272 2
21 277 1
21 286 4
21 287 3
21 292 1
21 295 4
22 1 4
22 3 2
22 4 3
22 5 5
22 6 3
22 11 2
22 16 4
22 27 3
22 30 4
22 34 3
22 36 4
22 39 5
22 42 4
22 46 4
22 48 4
22 49 4
22 50 2
22 56 3
22 58 4
22 66 4
22 71 3
22 74 2
22 83 3
22 85 2
22 99 3
22 110 3
22 116 3
22 122 2
22 134 1
22 137 3
22 139 2
22 140 2
22 146 2
22 148 4
22 156 2
22 164 3
22 165 3
22 172 4
22 174 4
22 178 3
22 184 3
22 186 2
22 187 4
22 199 1
22 201 3
22 205 1
22 208 3
22 210 3
22 215 5
22 218 4
22 221 3
22 223 2
22 224 1
22 230 4
22 231 4
22 233 3
22 234 3
22 249 2
22 259 3
22 262 2
22 264 2
22 265 3
22 274 2
22 285 3
22 292 5
23 2 1
23 46 5
23 98 4
23 131 4
23 155 5
23 176 4
23 187 4
23 230 5
23 231 4
23 252 4
23 265 3
23 284 4
23 295 3
24 1 3
24 24 3
24 34 4
24 41 2
24 43 5
24 98 3
24 128 4
24 135 3
24 155 4
24 160 2
24 174 4
24 196 5
24 198 4
24 216 3
24 230 5
24 265 2
25 1 3
25 3 2
25 4 3
25 5 5
25 16 4
25 35 2
25 36 3
25 42 5
25 45 3
25 58 4
25 60 2
25 70 4
25 77 5
25 93 2
25 100 2
25 105 5
25 108 2
25 110 3
25 116 2
25 155 5
25 170 5
25 171 3
25 182 5
25 183 2
25 187 5
25 204 1
25 207 3
25 209 3
25 220 2
25 222 4
25 230 3
25 231 2
25 237 2
25 242 3
25 252 3
25 258 3
25 260 2
25 261 4
25 269 1
25 270 3
25 272 1
25 276 3
25 279 5
25 282 4
25 284 3
25 286 2
25 287 1
25 292 4
25 293 4
25 295 3
25 296 3
26 2 1
26 17 4
26 43 5
26 90 3
26 175 3
26 187 4
26 230 5
26 251 4
26 261 4
27 1 3
27 21 3
27 24 3
27 36 4
27 44 2
27 46 5
27 215 5
27 223 3
27 230 4
27 236 2
27 249 4
27 268 4
27 280 3
28 26 3
28 43 3
28 98 5
28 141 2
28 145 4
28 160 4
28 174 4
28 230 5
28 246 5
28 261 5
28 275 3
28 292 3
29 16 3
29 17 4
29 30 2
29 31 2
29 33 4
29 41 5
29 43 3
29 46 5
29 77 2
29 78 5
29 90 4
29 93 3
29 128 3
29 133 3
29 155 5
29 174 3
29 176 2
29 185 2
29 187 5
29 188 3
29 206 5
29 209 5
29 221 3
29 230 4
29 250 3
29 261 4
30 1 5
30 7 3
30 11 4
30 17 5
30 21 3
30 31 5
30 100 3
30 128 4
30 139 1
30 187 5
30 201 4
30 215 5
30 233 3
30 279 5
30 286 3
31 7 2
31 17 4
31 26 3
31 33 3
31 34 4
31 46 3
31 47 3
31 93 4
31 94 3
31 175 4
31 187 3
31 216 3
31 219 4
31 236 4
31 249 4
32 1 5
32 7 4
32 10 4
32 11 4
32 16 3
32 17 1
32 21 5
32 28 4
32 30 2
32 31 5
32 32 2
32 34 4
32 41 5
32 44 5
32 46 3
32 77 4
32 78 3
32 98 2
32 99 5
32 102 4
32 106 4
32 117 4
32 118 5
32 128 4
32 129 5
32 132 3
32 135 5
32 136 5
32 144 5
32 145 4
32 155 5
32 173 4
32 185 3
32 194 3
32 203 3
32 209 4
32 215 5
32 230 5
32 233 4
32 249 3
32 251 2
32 259 2
32 261 5
32 262 3
32 273 5
32 275 5
32 284 3
32 292 4
33 1 5
33 7 3
33 11 4
33 17 5
33 32 5
33 41 1
33 139 4
33 141 3
33 195 4
33 201 3
33 209 1
33 215 4
33 216 5
33 218 4
33 261 5
33 270 4
33 279 5
33 295 3
34 7 2
34 13 3
34 17 4
34 26 4
34 31 3
34 34 3
34 36 4
34 40 3
34 41 4
34 42 3
34 50 2
34 54 3
34 58 3
34 86 3
34 125 3
34 130 4
34 132 4
34 133 3
34 139 4
34 147 5
34 159 2
34 199 3
34 201 4
34 216 5
34 221 4
34 230 4
34 234 4
34 250 4
34 261 3
34 280 3
35 1 5
35 7 4
35 10 4
35 11 4
35 16 3
35 21 5
35 23 4
35 28 4
35 30 5
35 32 5
35 44 5
35 67 4
35 98 4
35 99 3
35 129 5
35 139 4
35 143 4
35 150 4
35 156 3
35 172 4
35 174 5
35 196 5
35 205 5
35 206 5
35 218 5
35 219 4
35 230 5
35 248 4
35 259 3
35 265 3
35 275 4
35 279 5
35 292 5
35 295 4
36 44 1
36 48 3
36 98 4
36 107 2
36 178 3
36 194 3
36 209 4
36 270 3
36 279 4
36 280 5
36 282 4
37 6 4
37 10 3
37 13 3
37 17 4
37 23 5
37 30 3
37 31 3
37 32 3
37 36 4
37 43 3
37 44 4
37 45 3
37 52 2
37 60 2
37 70 3
37 102 4
37 106 4
37 107 3
37 112 3
37 117 4
37 121 3
37 170 2
37 185 4
37 186 4
37 190 3
37 194 4
37 197 4
37 209 4
37 213 4
37 215 5
37 221 5
37 222 3
37 232 4
37 235 2
37 269 3
37 270 4
37 280 5
37 284 4
37 292 4
37 296 4
38 2 4
38 17 5
38 23 4
38 31 4
38 76 4
38 80 4
38 91 4
38 155 5
38 185 4
38 187 4
38 196 5
38 233 3
39 1 4
39 3 2
39 7 1
39 11 5
39 24 4
39 31 1
39 32 2
39 34 5
39 40 5
39 42 3
39 44 4
39 56 3
39 74 1
39 87 2
39 113 2
39 116 2
39 125 3
39 127 3
39 138 3
39 139 4
39 140 3
39 148 2
39 151 2
39 160 4
39 165 3
39 171 5
39 214 2
39 216 5
39 225 4
39 230 3
39 252 3
39 265 3
40 6 4
40 10 3
40 17 5
40 23 5
40 30 3
40 31 4
40 32 3
40 33 5
40 47 3
40 62 2
40 143 4
40 147 4
40 150 4
40 151 3
40 162 3
40 172 4
40 187 4
40 246 2
40 259 4
40 260 4
40 265 4
40 275 4
40 277 4
40 279 5
40 285 3
40 294 4
41 1 4
41 2 3
41 5 3
41 6 4
41 7 4
41 10 4
41 15 2
41 19 2
41 21 3
41 23 3
41 31 3
41 33 3
41 41 3
41 42 3
41 43 4
41 45 2
41 48 3
41 49 3
41 51 2
41 52 1
41 74 3
41 76 3
41 77 5
41 90 4
41 91 3
41 96 2
41 97 2
41 98 3
41 102 2
41 103 3
41 105 3
41 107 2
41 117 2
41 134 4
41 137 2
41 139 3
41 141 2
41 148 3
41 151 3
41 155 5
41 156 3
41 165 2
41 175 4
41 176 3
41 178 3
41 186 2
41 187 4
41 194 3
41 197 3
41 201 3
41 202 3
41 205 3
41 207 3
41 209 4
41 215 5
41 216 3
41 217 2
41 226 3
41 228 2
41 230 3
41 232 2
41 233 3
42 1 5
42 2 4
42 13 4
42 17 5
42 21 3
42 32 4
42 79 3
42 96 4
42 118 5
42 129 4
42 170 4
42 221 4
42 229 3
42 230 5
42 259 4
42 261 4
42 295 3
43 1 4
43 3 2
43 7 1
43 11 5
43 24 4
43 32 1
43 33 2
43 36 5
43 43 5
43 45 3
43 48 4
43 93 1
43 123 2
43 160 4
43 163 2
43 171 2
43 180 2
43 190 3
43 192 3
43 208 3
43 210 3
43 222 2
43 236 4
43 242 3
43 278 2
43 280 5
43 288 4
43 292 3
44 1 5
44 31 4
44 34 4
44 187 5
44 208 3
45 6 5
45 17 5
45 21 3
45 32 4
45 34 5
45 54 3
45 77 5
45 87 3
45 88 2
45 102 4
45 170 2
45 221 4
45 223 3
45 229 3
45 233 4
45 261 4
46 1 4
46 2 3
46 5 3
46 6 4
46 7 4
46 10 4
46 15 2
46 16 5
46 17 5
46 19 2
46 21 3
46 22 4
46 23 3
46 27 5
46 30 4
46 31 5
46 32 3
46 34 3
46 39 5
46 42 1
46 43 5
46 44 3
46 45 3
46 46 4
46 50 2
46 56 3
46 58 3
46 59 4
46 61 2
46 62 1
46 63 4
46 72 5
46 89 5
46 90 5
46 93 3
46 96 3
46 97 3
46 98 5
46 101 5
46 102 3
46 105 3
46 106 4
46 107 4
46 114 5
46 117 4
46 118 3
46 128 4
46 129 3
46 133 5
46 135 5
46 136 2
46 138 2
46 139 3
46 143 2
46 145 5
46 146 3
46 147 3
46 148 3
46 149 3
46 151 2
46 154 4
46 155 5
46 161 4
46 163 5
46 168 5
46 172 2
46 174 5
46 175 5
46 176 5
46 185 4
46 187 5
46 188 5
46 190 5
46 192 5
46 193 2
46 195 3
46 199 4
46 203 5
46 204 4
46 206 5
46 207 2
46 209 3
46 212 2
46 213 4
46 215 5
46 221 4
46 222 3
46 223 4
46 226 3
46 230 5
46 231 3
46 235 3
46 237 2
46 242 2
46 250 4
46 251 3
46 252 3
46 260 2
46 261 4
46 265 3
46 267 3
46 270 3
46 272 3
46 275 4
46 279 5
46 280 3
46 281 2
46 289 3
46 292 3
46 294 2
46 295 3
47 1 5
47 13 4
47 21 3
47 100 3
47 137 5
47 138 4
47 155 4
47 174 5
47 246 4
47 284 4
47 291 3
47 292 5
48 43 3
48 75 3
48 77 5
48 90 4
48 175 3
48 215 5
48 236 4
49 1 5
49 24 4
49 32 4
49 34 4
49 36 4
49 77 4
49 90 4
49 91 5
49 98 4
49 144 5
49 175 4
49 187 4
49 261 5
49 274 3
50 6 5
50 21 3
50 41 4
50 54 3
50 98 5
50 123 3
50 124 2
50 143 4
50 246 2
50 286 3
50 291 3
50 295 4
51 2 5
51 16 5
51 17 5
51 21 4
51 22 4
51 27 5
51 30 4
51 31 4
51 32 5
51 33 5
51 34 4
51 42 5
51 45 1
51 46 5
51 51 3
51 52 1
51 71 4
51 75 4
51 77 4
51 89 5
51 91 4
51 92 3
51 97 2
51 99 5
51 100 5
51 106 3
51 107 3
51 109 5
51 112 2
51 117 3
51 126 5
51 128 5
51 129 5
51 138 3
51 142 5
51 143 3
51 148 3
51 150 4
51 151 4
51 155 4
51 161 5
51 165 5
51 167 5
51 170 3
51 172 4
51 174 3
51 175 5
51 185 4
51 193 3
51 194 4
51 195 5
51 196 5
51 203 5
51 204 4
51 205 5
51 206 5
51 208 5
51 213 4
51 215 2
51 219 5
51 221 3
51 222 4
51 223 3
51 229 4
51 230 5
51 232 2
51 238 4
51 240 5
51 244 5
51 249 5
51 250 5
51 251 5
51 259 4
51 261 5
51 262 5
51 264 2
51 266 3
51 269 4
51 273 5
51 275 4
51 277 4
51 279 5
51 284 4
51 286 4
51 289 2
51 292 4
51 297 3
52 17 4
52 26 3
52 30 3
52 35 4
52 47 4
52 87 3
52 119 3
52 130 3
52 155 3
52 159 4
52 183 3
52 187 3
52 208 4
52 216 3
52 230 4
53 1 4
53 2 5
53 10 4
53 21 3
53 46 3
53 48 5
53 79 3
53 80 3
53 94 3
53 98 5
53 101 2
53 126 2
53 128 4
53 194 3
53 210 5
53 215 5
53 216 1
53 223 4
53 233 4
53 250 3
53 279 5
54 1 5
54 3 3
54 6 3
54 7 3
54 11 4
54 16 4
54 24 4
54 36 4
54 43 5
54 61 3
54 62 3
54 64 5
54 75 4
54 77 3
54 78 5
54 86 3
54 98 4
54 101 3
54 106 4
54 112 4
54 128 4
54 129 5
54 130 4
54 131 2
54 133 4
54 139 4
54 140 3
54 155 4
54 159 4
54 161 4
54 167 5
54 168 3
54 170 3
54 187 3
54 194 3
54 201 4
54 210 4
54 217 2
54 218 5
54 223 3
54 225 3
54 230 3
54 235 3
54 250 4
54 261 4
55 6 5
55 44 4
55 54 4
55 66 3
55 129 5
56 17 4
56 21 4
56 27 5
56 30 5
56 32 4
56 36 4
56 62 1
56 77 5
56 98 4
56 129 4
56 131 3
56 138 2
56 140 5
56 141 5
56 150 3
56 151 3
56 162 2
56 172 3
56 185 4
56 196 5
56 230 5
56 246 3
56 249 5
56 250 5
56 259 4
56 264 3
56 265 4
56 271 4
56 277 4
56 279 5
56 285 4
56 292 4
56 294 2
57 9 5
57 17 4
57 26 3
57 30 3
57 31 4
57 38 4
57 43 5
57 54 4
57 90 5
57 123 3
57 155 4
57 175 3
57 197 3
57 215 5
57 230 3
57 233 4
57 235 4
57 257 3
57 261 3
57 280 3
58 1 4
58 2 5
58 10 4
58 21 3
58 56 5
58 100 3
58 101 3
58 142 2
58 191 2
58 205 4
58 215 5
58 265 3
58 276 5
58 279 5
58 280 1
58 286 4
58 295 4
59 1 3
59 3 3
59 6 3
59 7 3
59 11 4
59 16 4
59 17 3
59 26 2
59 46 5
59 72 3
59 73 3
59 76 5
59 94 4
59 98 3
59 99 5
59 121 3
59 129 4
59 142 3
59 150 4
59 160 2
59 162 4
59 182 4
59 195 3
59 197 4
59 198 2
59 203 4
59 210 3
59 224 4
59 230 4
59 235 4
59 238 4
59 244 3
59 246 3
59 261 3
59 265 3
59 270 4
59 276 4
59 281 2
59 282 4
59 286 3
59 288 3
59 292 3
59 297 3
60 6 5
60 14 5
60 17 5
60 24 5
60 47 4
60 66 4
60 135 5
60 144 3
60 159 4
60 163 5
60 175 5
60 189 5
60 196 5
60 215 4
61 37 5
61 98 5
61 129 5
61 155 3
61 259 4
62 9 5
62 11 5
62 17 4
62 32 4
62 34 2
62 46 5
62 64 5
62 90 4
62 128 5
62 138 2
62 230 4
62 279 5
62 292 4
62 295 4
63 1 3
63 8 2
63 9 3
63 30 3
63 31 3
63 34 2
63 52 2
63 54 5
63 71 3
63 74 3
63 77 5
63 92 3
63 106 3
63 107 1
63 112 3
63 117 2
63 118 4
63 122 3
63 129 5
63 149 3
63 185 3
63 194 3
63 213 3
63 215 4
63 232 4
63 233 4
63 272 4
63 279 5
64 31 2
64 43 5
64 99 4
64 128 5
64 144 4
64 175 5
64 215 4
64 243 4
64 261 5
65 1 3
65 2 4
65 8 5
65 13 4
65 17 3
65 19 5
65 26 2
65 31 3
65 42 4
65 76 4
65 126 5
65 153 4
65 157 4
65 186 4
65 196 4
65 214 3
65 219 3
66 14 5
66 17 5
66 24 5
66 37 5
66 41 5
66 43 5
66 54 4
66 79 2
66 159 4
66 174 5
66 187 5
66 199 5
66 205 5
66 235 4
66 240 5
66 250 5
66 263 5
66 279 4
67 1 4
67 11 3
67 31 5
67 34 4
67 40 5
67 44 4
67 56 3
67 65 5
67 76 2
67 109 5
67 119 4
67 135 4
67 138 4
67 196 5
67 201 3
67 204 5
67 206 5
67 216 4
67 221 5
67 222 3
67 223 3
67 230 3
68 1 3
68 11 5
68 17 4
68 23 4
68 36 2
68 49 5
68 76 5
68 77 5
68 128 4
68 134 4
68 208 2
68 221 4
69 1 3
69 8 2
69 9 3
69 30 3
69 32 3
69 36 2
69 53 2
69 62 2
69 66 5
69 78 5
69 85 3
69 93 3
69 98 5
69 129 5
69 131 3
69 144 3
69 150 3
69 151 1
69 155 5
69 162 3
69 172 2
69 174 4
69 175 5
69 183 3
69 195 3
69 196 5
69 223 3
69 259 3
69 265 3
69 277 3
69 279 4
69 294 4
69 295 4
70 10 4
70 16 4
70 21 3
70 23 3
70 30 4
70 32 2
70 46 5
70 49 5
70 77 5
70 90 5
70 97 2
70 98 5
70 109 3
70 112 3
70 133 4
70 175 5
70 187 5
70 209 4
70 210 3
70 215 5
70 218 4
70 230 3
70 232 3
70 250 5
70 279 4
71 1 5
71 2 4
71 8 5
71 13 4
71 19 5
71 32 3
71 45 4
71 48 5
71 96 4
71 145 4
71 155 5
71 165 2
71 191 5
71 211 3
71 222 1
71 228 4
71 232 4
71 260 4
71 278 3
71 283 3
72 17 4
72 44 5
72 46 5
72 77 5
72 155 5
72 215 3
72 235 4
72 249 5
72 261 5
72 269 5
73 1 4
73 11 3
73 32 5
73 36 4
73 45 4
73 48 4
73 68 3
73 78 5
73 92 4
73 96 2
73 134 2
73 139 5
73 154 5
73 155 5
73 175 4
73 180 1
73 205 4
73 208 4
73 221 4
73 270 3
73 271 5
73 273 5
73 280 4
73 284 5
73 285 3
73 286 3
74 21 1
74 37 5
74 77 5
74 88 5
74 142 4
74 155 5
74 237 1
75 1 3
75 23 4
75 58 5
75 78 5
75 98 5
75 187 4
75 204 4
75 284 4
76 1 3
76 12 3
76 19 4
76 30 4
76 31 3
76 39 3
76 41 4
76 43 5
76 48 3
76 65 2
76 71 3
76 77 4
76 79 5
76 86 3
76 90 3
76 99 5
76 112 3
76 122 3
76 138 4
76 149 3
76 152 4
76 155 3
76 168 3
76 196 5
76 199 3
76 205 4
76 210 1
76 213 3
76 215 4
76 218 3
76 222 5
76 224 5
76 227 4
76 229 3
76 230 5
76 236 3
76 238 3
76 250 5
76 266 3
77 10 4
77 16 4
77 21 3
77 23 3
77 30 4
77 51 3
77 58 5
77 77 5
77 78 3
77 98 5
77 128 5
77 138 2
77 139 5
77 162 3
77 203 4
77 250 5
77 261 5
77 275 4
77 276 3
77 279 5
77 292 3
77 294 3
78 1 4
78 2 3
78 8 3
78 17 4
78 30 3
78 31 3
78 33 2
78 34 4
78 42 4
78 48 1
78 54 1
78 56 5
78 57 2
78 59 2
78 67 1
78 74 3
78 76 4
78 77 5
78 92 3
78 97 2
78 103 3
78 104 2
78 122 1
78 126 5
78 141 5
78 151 2
78 153 2
78 173 4
78 187 5
78 193 1
78 194 3
78 215 4
78 216 4
78 217 3
78 219 4
78 221 5
78 222 3
78 223 4
78 229 1
78 230 5
78 233 3
78 242 2
78 285 1
79 10 3
79 21 3
79 42 1
79 79 1
79 88 2
79 98 5
79 100 4
79 102 1
79 107 3
79 118 3
79 120 2
79 122 3
79 145 4
79 155 4
79 170 1
79 173 4
79 178 2
79 185 3
79 194 3
79 209 2
79 213 4
79 221 3
79 223 4
79 230 5
79 233 2
79 279 3
80 10 4
80 33 4
80 41 4
80 44 2
80 57 3
80 77 5
80 79 4
80 129 3
80 170 2
80 187 4
80 199 2
80 206 3
80 209 3
80 215 5
80 216 3
80 230 3
80 233 3
80 243 3
81 1 4
81 17 3
81 33 3
81 41 2
81 50 4
81 77 4
81 90 4
81 98 5
81 131 4
81 155 5
81 175 4
81 187 5
81 199 4
81 209 5
81 215 4
81 230 5
81 284 4
82 21 1
82 98 5
82 124 5
82 155 5
82 175 5
82 187 5
82 230 5
83 1 3
83 19 4
83 31 3
83 41 5
83 43 5
83 77 4
83 129 3
83 155 4
83 175 4
83 187 3
83 205 5
83 221 4
84 1 3
84 12 3
84 15 3
84 19 4
84 21 4
84 30 4
84 32 3
84 42 3
84 44 4
84 46 5
84 56 3
84 59 4
84 77 3
84 85 3
84 98 4
84 100 5
84 121 3
84 122 2
84 128 3
84 155 4
84 159 3
84 162 3
84 170 3
84 173 3
84 183 3
84 187 4
84 208 4
84 209 3
84 223 3
84 227 4
84 230 3
84 233 2
84 244 3
84 269 3
84 272 4
84 276 1
84 277 3
84 279 4
84 285 5
84 287 5
84 290 4
84 291 3
84 292 2
84 298 3
85 21 5
85 55 4
85 88 5
85 98 5
85 99 3
85 122 4
85 155 5
85 173 5
85 194 5
85 217 5
85 223 5
85 229 4
85 230 5
85 233 5
86 1 4
86 2 2
86 8 3
86 10 2
86 17 4
86 23 5
86 30 3
86 32 3
86 34 2
86 36 4
86 45 4
86 56 1
86 66 1
86 69 2
86 71 2
86 78 5
86 80 1
86 93 3
86 96 4
86 98 5
86 131 3
86 138 2
86 146 3
86 147 2
86 175 3
86 183 1
86 191 5
86 212 5
86 226 2
86 228 2
86 230 4
86 248 4
86 261 5
86 264 1
86 265 3
86 279 4
86 280 4
86 281 3
86 283 2
86 284 5
86 285 3
86 286 4
86 291 1
86 295 3
87 9 4
87 10 3
87 15 5
87 21 3
87 45 1
87 54 5
87 69 4
87 77 5
87 92 3
87 97 3
87 100 1
87 102 4
87 106 4
87 122 4
87 124 2
87 141 4
87 143 1
87 151 3
87 173 5
87 174 3
87 179 2
87 183 3
87 185 5
87 194 3
87 209 5
87 219 4
87 230 4
87 233 4
87 239 5
87 246 1
87 248 4
87 252 2
87 259 3
87 265 3
87 275 2
87 277 4
87 284 3
87 286 4
87 292 3
87 295 2
88 10 4
88 34 4
88 44 4
88 69 3
88 78 3
88 98 5
88 100 4
88 155 5
88 187 4
88 196 3
88 246 2
88 261 4
88 269 2
88 273 3
88 275 3
88 279 5
88 280 3
88 292 3
88 295 3
89 1 4
89 2 4
89 17 3
89 34 3
89 44 2
89 98 4
89 128 4
89 139 5
89 155 4
89 186 4
89 221 4
89 230 5
89 250 4
89 261 5
89 269 4
89 279 4
90 43 5
90 54 2
90 87 3
90 92 3
90 175 5
90 215 4
90 230 5
90 250 5
90 261 5
91 11 4
91 16 3
91 33 4
91 43 4
91 44 3
91 87 3
91 128 4
91 144 4
91 168 3
91 175 4
91 176 4
91 187 5
91 204 3
91 215 5
91 216 4
91 221 3
91 222 4
91 230 4
91 250 4
91 261 5
92 1 3
92 19 4
92 30 4
92 32 3
92 44 5
92 46 5
92 98 4
92 112 4
92 185 4
92 196 3
92 230 4
92 250 4
92 261 3
92 272 5
92 284 4
93 1 3
93 2 4
93 13 4
93 15 3
93 21 4
93 31 4
93 42 3
93 48 4
93 57 5
93 76 3
93 98 3
93 183 2
93 219 2
93 230 4
93 235 3
93 246 3
93 248 3
93 261 4
93 275 3
93 286 3
93 295 2
94 67 4
94 95 5
94 124 5
94 155 5
94 183 4
94 222 3
94 230 5
94 248 5
94 265 5
94 281 5
94 286 5
94 291 4
94 292 5
94 295 5
95 1 3
95 10 2
95 12 2
95 23 5
95 30 2
95 31 2
95 71 3
95 77 5
95 90 3
95 97 2
95 99 5
95 102 3
95 107 3
95 120 2
95 129 5
95 149 4
95 151 1
95 155 5
95 164 5
95 174 3
95 178 4
95 185 5
95 191 2
95 194 3
95 209 4
95 215 3
95 222 3
95 230 4
95 239 3
95 250 3
95 292 4
96 1 3
96 9 4
96 10 4
96 11 5
96 15 5
96 17 5
96 21 4
96 34 4
96 66 5
96 71 4
96 77 5
96 79 3
96 82 4
96 98 5
96 118 1
96 129 3
96 131 3
96 138 3
96 143 4
96 150 4
96 155 5
96 183 4
96 185 3
96 209 3
96 215 4
96 216 4
96 222 3
96 230 5
96 233 5
96 248 5
96 259 5
96 265 3
96 275 5
96 295 4
96 299 5
97 31 4
97 86 4
97 96 4
97 97 3
97 142 3
97 196 3
98 6 3
98 43 4
98 78 3
98 175 5
98 187 5
98 230 5
99 1 5
99 155 5
99 194 5
99 215 5
99 292 3
100 38 1
100 71 2
100 79 3
100 92 2
100 99 3
100 155 3
100 223 4
100 230 5
100 261 4
101 1 3
101 6 5
101 11 4
101 14 4
101 16 4
101 20 3
101 21 4
101 24 4
101 33 3
101 39 3
101 41 4
101 43 4
101 55 3
101 61 3
101 63 4
101 73 5
101 77 5
101 90 5
101 123 1
101 129 4
101 131 4
101 134 1
101 154 3
101 164 4
101 173 4
101 175 4
101 178 3
101 187 4
101 210 3
101 215 5
101 221 3
101 227 3
101 230 4
101 233 3
101 234 4
101 236 2
102 1 4
102 2 4
102 31 5
102 230 4
102 260 4
102 284 4
103 46 5
103 66 2
103 123 3
103 131 3
103 155 5
103 204 5
103 237 4
103 250 5
103 279 4
104 2 3
104 11 4
104 16 3
104 30 4
104 34 4
104 35 4
104 41 4
104 43 4
104 46 4
104 48 3
104 77 5
104 78 3
104 79 3
104 96 4
104 123 3
104 145 3
104 149 4
104 160 3
104 172 4
104 195 4
104 218 4
104 227 4
104 230 4
104 233 3
104 244 3
104 250 4
104 251 4
104 261 5
104 271 3
104 279 5
104 280 4
104 284 3
104 285 4
104 292 4
105 6 4
105 21 4
105 36 2
105 41 5
105 43 5
105 63 5
105 102 5
105 155 5
105 170 4
105 174 4
105 175 5
105 216 4
105 233 5
106 6 1
106 10 5
106 21 5
106 30 4
106 54 4
106 77 5
106 100 5
106 118 4
106 155 5
106 160 3
106 162 4
106 170 1
106 175 5
106 209 4
106 213 4
106 223 5
106 230 4
106 259 4
107 1 3
107 2 4
107 11 2
107 13 4
107 32 4
107 34 4
107 35 4
107 41 3
107 43 4
107 45 3
107 56 4
107 62 1
107 63 3
107 69 5
107 72 2
107 73 3
107 74 2
107 78 4
107 81 4
107 87 2
107 92 1
107 96 3
107 99 4
107 108 4
107 109 4
107 110 1
107 114 2
107 115 4
107 129 5
107 138 4
107 144 4
107 155 3
107 159 2
107 163 4
107 175 3
107 179 4
107 187 4
107 188 4
107 215 2
107 221 2
107 283 2
108 1 5
108 21 3
108 31 5
108 53 5
108 74 5
108 129 5
108 182 4
108 206 3
108 213 3
108 216 2
109 22 4
109 30 2
109 41 5
109 43 5
109 127 5
109 135 5
109 159 5
109 160 5
109 176 4
109 187 5
109 199 4
109 210 5
109 215 5
109 216 3
109 221 5
109 230 5
109 285 3
110 1 3
110 6 2
110 10 4
110 12 2
110 15 1
110 20 1
110 21 2
110 23 4
110 30 2
110 32 2
110 71 2
110 77 3
110 79 5
110 85 3
110 92 1
110 97 2
110 98 5
110 102 3
110 106 1
110 107 1
110 118 1
110 128 3
110 138 2
110 143 3
110 151 3
110 155 5
110 173 2
110 179 2
110 193 1
110 194 3
110 196 5
110 213 1
110 215 5
110 223 4
110 226 1
110 230 5
110 232 1
110 233 2
110 241 5
110 249 3
110 259 5
110 265 3
110 275 4
110 279 3
110 285 3
110 292 4
110 299 3
111 1 3
111 10 4
111 11 5
111 17 5
111 21 5
111 23 3
111 36 4
111 85 4
111 98 5
111 100 3
111 101 3
111 129 5
111 174 1
111 196 3
111 230 5
111 259 3
111 275 3
111 279 4
111 280 4
111 285 3
111 292 5
111 295 5
112 1 2
112 2 1
112 10 2
112 11 2
112 14 4
112 16 4
112 22 1
112 32 4
112 39 4
112 41 3
112 42 4
112 44 4
112 86 3
112 121 4
112 129 1
112 130 2
112 133 4
112 134 1
112 136 4
112 138 3
112 139 1
112 143 4
112 155 3
112 156 3
112 159 4
112 163 4
112 185 3
112 187 3
112 193 1
112 199 5
112 208 5
112 211 4
112 213 1
112 214 3
112 215 2
112 221 1
112 222 1
112 223 1
112 233 1
112 236 1
113 7 3
113 11 4
113 24 3
113 31 4
113 36 3
113 41 3
113 43 4
113 46 4
113 47 4
113 54 3
113 75 4
113 77 4
113 93 5
113 99 3
113 101 3
113 103 3
113 117 3
113 122 4
113 136 4
113 138 4
113 139 4
113 143 4
113 147 4
113 148 4
113 149 3
113 160 4
113 170 4
113 175 4
113 178 3
113 185 4
113 187 4
113 194 5
113 209 4
113 215 4
113 222 3
113 230 4
113 236 4
113 250 5
113 261 5
114 1 5
114 26 4
114 174 5
114 187 5
114 230 5
114 265 5
114 279 5
115 1 4
115 41 1
115 76 3
115 77 4
115 85 2
115 99 5
115 100 3
115 131 2
115 138 4
115 149 3
115 170 2
115 185 4
115 187 5
115 213 4
115 221 4
115 230 3
115 286 4
115 292 2
116 1 3
116 6 5
116 11 4
116 14 4
116 16 4
116 17 3
116 20 3
116 21 4
116 24 4
116 34 3
116 42 3
116 44 4
116 46 4
116 67 3
116 72 3
116 75 4
116 90 5
116 98 5
116 128 5
116 160 4
116 196 4
116 198 4
116 204 1
116 229 3
116 241 4
116 248 4
116 250 4
116 252 3
116 261 4
116 276 3
116 279 5
116 284 3
116 290 3
116 292 4
116 295 3
116 296 4
116 298 4
117 24 2
117 32 5
117 43 4
117 129 5
117 187 5
117 221 5
118 10 4
118 11 3
118 77 5
118 100 3
118 147 5
118 209 4
118 230 2
118 233 4
119 1 5
119 2 3
119 10 5
119 17 3
119 31 5
119 42 2
119 43 4
119 130 5
119 135 4
119 138 3
119 149 3
119 155 4
119 172 5
119 174 4
119 199 4
119 201 3
119 204 3
119 215 5
119 216 5
119 221 3
119 222 4
119 230 5
119 271 5
120 1 4
120 2 3
120 6 3
120 10 4
120 11 4
120 16 3
120 21 4
120 24 3
120 30 4
120 38 4
120 44 4
120 46 4
120 67 3
120 71 3
120 77 5
120 79 3
120 98 5
120 99 3
120 100 3
120 102 3
120 103 3
120 105 3
120 136 4
120 144 2
120 155 5
120 160 4
120 185 3
120 202 4
120 209 4
120 219 3
120 222 3
120 223 4
120 229 3
120 230 4
120 233 4
120 236 3
120 247 4
120 290 4
120 292 4
120 295 3
121 1 5
121 2 5
121 7 3
121 10 4
121 15 5
121 17 4
121 30 2
121 31 5
121 38 3
121 43 2
121 48 3
121 69 4
121 72 2
121 76 4
121 77 5
121 90 5
121 91 4
121 92 3
121 96 5
121 97 2
121 98 4
121 102 3
121 103 3
121 104 3
121 105 2
121 107 3
121 111 1
121 112 3
121 120 3
121 122 3
121 132 4
121 134 3
121 141 4
121 149 3
121 152 4
121 153 3
121 155 5
121 156 3
121 157 4
121 173 4
121 176 2
121 185 5
121 193 1
121 194 3
121 196 3
121 200 3
121 201 4
121 209 5
121 211 3
121 215 5
121 218 4
121 221 5
121 223 5
121 224 4
121 229 4
121 230 4
121 232 5
121 233 4
121 236 4
122 1 3
122 2 3
122 6 4
122 9 3
122 16 4
122 17 4
122 21 4
122 22 2
122 23 4
122 27 4
122 28 4
122 30 5
122 31 4
122 34 4
122 36 3
122 38 2
122 39 2
122 41 5
122 43 5
122 44 5
122 46 5
122 63 4
122 69 4
122 72 4
122 73 5
122 75 5
122 77 4
122 78 4
122 81 4
122 90 4
122 95 4
122 98 4
122 99 4
122 101 3
122 102 4
122 105 2
122 115 3
122 118 3
122 122 3
122 135 5
122 143 5
122 144 5
122 145 4
122 147 2
122 155 5
122 159 4
122 163 3
122 170 4
122 172 5
122 173 2
122 174 4
122 176 5
122 179 4
122 180 3
122 181 3
122 188 5
122 192 5
122 194 3
122 198 2
122 199 3
122 204 5
122 207 4
122 209 3
122 213 4
122 220 5
122 222 5
122 227 4
122 230 5
122 233 4
122 239 3
122 246 4
122 249 4
122 250 5
122 280 4
122 295 5
123 1 4
123 6 1
123 10 5
123 21 5
123 23 4
123 24 4
123 31 5
123 66 4
123 78 4
123 87 4
123 90 5
123 98 5
123 99 2
123 141 5
123 155 4
123 167 4
123 174 4
123 175 5
123 183 4
123 187 5
123 199 4
123 204 5
123 206 5
123 216 3
123 221 4
123 222 4
123 230 5
123 236 3
123 246 1
123 250 5
123 275 4
123 277 4
123 286 5
123 292 4
124 1 2
124 6 4
124 7 2
124 11 2
124 17 4
124 21 4
124 23 3
124 24 5
124 26 5
124 27 4
124 30 5
124 31 4
124 32 3
124 33 4
124 34 4
124 36 4
124 38 4
124 39 4
124 43 5
124 44 3
124 46 4
124 47 4
124 56 3
124 58 3
124 63 5
124 66 1
124 73 1
124 74 4
124 75 3
124 77 5
124 86 4
124 87 3
124 89 2
124 90 3
124 91 4
124 93 2
124 95 3
124 99 4
124 100 4
124 104 4
124 107 2
124 110 3
124 114 3
124 118 5
124 123 2
124 125 1
124 128 3
124 129 5
124 130 4
124 131 1
124 137 4
124 139 3
124 140 4
124 145 3
124 147 2
124 151 3
124 153 4
124 154 4
124 155 5
124 158 1
124 160 3
124 167 2
124 170 4
124 171 3
124 172 5
124 174 5
124 175 5
124 186 3
124 188 5
124 196 5
124 200 3
124 201 5
124 204 5
124 208 4
124 213 4
124 215 4
124 216 5
124 218 4
124 222 3
124 230 3
124 232 4
124 233 4
124 235 2
124 240 4
124 250 3
124 253 4
124 261 4
124 262 4
124 279 2
124 284 2
125 1 5
125 10 4
125 21 3
125 32 5
125 65 5
125 93 5
125 110 5
125 129 5
125 196 5
125 256 4
125 273 3
125 280 2
126 3 5
126 22 4
126 30 2
126 44 5
126 46 5
126 112 4
126 192 5
126 235 5
126 236 5
126 251 4
126 261 5
126 269 4
126 276 5
126 279 5
126 280 3
126 284 5
127 1 4
127 4 1
127 5 2
127 6 2
127 10 3
127 15 1
127 19 1
127 20 1
127 21 2
127 23 4
127 77 3
127 85 2
127 86 5
127 98 3
127 100 5
127 119 4
127 131 1
127 134 1
127 138 2
127 143 3
127 150 1
127 151 1
127 174 1
127 175 3
127 214 2
127 216 3
127 222 5
127 224 1
127 230 5
127 248 2
127 264 1
127 265 3
127 277 1
127 279 5
127 286 3
127 292 3
127 294 1
127 295 2
128 7 5
128 11 5
128 17 4
128 21 5
128 23 3
128 40 4
128 47 4
128 54 1
128 75 5
128 91 5
128 128 4
128 139 5
128 142 3
128 159 4
128 160 4
128 196 5
128 201 5
128 204 4
128 210 4
128 215 4
128 216 5
128 230 4
128 231 5
129 1 2
129 2 1
129 6 4
129 7 3
129 10 2
129 11 2
129 14 4
129 16 4
129 21 3
129 22 1
129 31 3
129 33 4
129 42 4
129 44 3
129 45 4
129 48 4
129 71 4
129 77 5
129 86 4
129 90 4
129 91 3
129 98 3
129 101 4
129 102 3
129 112 3
129 115 3
129 118 3
129 121 3
129 123 4
129 130 3
129 135 4
129 138 4
129 140 3
129 149 3
129 155 4
129 159 4
129 165 3
129 170 4
129 173 2
129 175 4
129 176 3
129 183 4
129 185 2
129 194 3
129 196 1
129 197 2
129 203 4
129 204 1
129 208 5
129 209 1
129 212 4
129 215 4
129 223 2
129 225 3
129 226 4
129 230 3
129 231 3
129 235 4
129 240 4
129 259 3
129 261 3
129 264 1
129 269 5
129 274 5
129 277 1
129 279 2
129 284 1
129 285 1
129 286 1
129 295 1
129 298 1
130 7 3
130 11 4
130 24 3
130 32 4
130 39 3
130 44 3
130 46 4
130 54 4
130 57 4
130 66 3
130 94 4
130 98 4
130 132 5
130 141 4
130 142 3
130 146 3
130 172 3
130 183 4
130 206 4
130 208 4
130 209 4
130 215 4
130 221 4
130 222 4
130 223 3
130 229 5
130 236 4
130 246 4
130 250 4
130 252 3
130 259 4
130 261 4
130 265 5
130 275 4
130 279 4
130 285 3
130 292 4
130 298 4
131 17 5
131 24 5
131 26 4
131 30 4
131 31 5
131 33 5
131 34 5
131 39 4
131 47 5
131 66 4
131 78 5
131 93 4
131 99 5
131 108 5
131 133 4
131 135 4
131 155 5
131 159 5
131 168 5
131 174 4
131 175 5
131 180 5
131 181 5
131 187 4
131 198 4
131 199 5
131 204 5
131 206 5
131 220 5
131 227 5
131 249 5
131 261 5
132 1 4
132 6 5
132 10 3
132 34 3
132 42 2
132 47 3
132 77 5
132 92 3
132 96 3
132 98 4
132 102 4
132 140 5
132 174 5
132 205 5
132 208 4
132 213 3
132 215 5
132 221 5
132 223 3
132 230 5
132 246 2
132 259 4
132 261 5
132 277 4
132 284 4
133 2 3
133 3 1
133 6 2
133 7 3
133 10 3
133 23 1
133 34 4
133 38 3
133 41 2
133 42 3
133 48 2
133 50 1
133 54 4
133 55 1
133 63 2
133 69 2
133 75 1
133 77 5
133 79 2
133 90 3
133 91 2
133 92 1
133 99 1
133 100 4
133 103 2
133 105 3
133 106 1
133 107 2
133 109 3
133 110 3
133 116 1
133 117 2
133 120 1
133 122 1
133 125 3
133 129 2
133 138 1
133 139 3
133 141 2
133 148 1
133 155 2
133 165 1
133 174 2
133 188 3
133 195 3
133 196 1
133 199 3
133 215 3
133 216 1
133 217 1
133 221 4
133 222 2
133 223 1
133 230 4
133 231 1
133 233 3
133 235 3
134 24 2
134 43 5
134 46 4
134 155 5
134 175 4
134 196 5
134 261 5
134 284 5
135 3 3
135 10 4
135 11 3
135 18 3
135 19 3
135 27 5
135 31 3
135 34 3
135 42 4
135 68 4
135 74 3
135 86 2
135 90 3
135 92 3
135 97 3
135 98 5
135 105 2
135 108 4
135 114 5
135 134 3
135 141 3
135 155 5
135 159 5
135 161 5
135 170 4
135 175 4
135 176 3
135 177 3
135 185 4
135 191 3
135 199 4
135 205 4
135 207 3
135 213 3
135 215 5
135 221 5
135 222 2
135 224 3
135 226 3
135 230 3
135 275 4
135 292 2
135 295 4
136 1 5
136 2 3
136 3 5
136 5 4
136 6 1
136 10 5
136 11 3
136 16 5
136 17 3
136 21 4
136 32 5
136 33 4
136 34 4
136 39 2
136 41 5
136 43 3
136 45 2
136 46 4
136 49 4
136 52 3
136 54 4
136 77 4
136 78 2
136 92 3
136 95 3
136 98 3
136 100 3
136 110 2
136 120 3
136 122 2
136 129 4
136 138 5
136 149 3
136 150 4
136 155 5
136 159 1
136 170 1
136 175 5
136 176 4
136 187 5
136 197 5
136 205 4
136 208 3
136 215 5
136 224 4
136 230 4
136 233 4
136 247 5
136 249 4
136 269 4
136 270 3
136 271 3
136 279 5
136 280 5
136 284 3
136 285 4
137 1 4
137 2 4
137 6 3
137 10 4
137 11 4
137 21 4
137 24 3
137 30 5
137 54 3
137 77 5
137 80 3
137 85 3
137 98 5
137 100 3
137 139 3
137 143 3
137 146 3
137 148 3
137 155 5
137 218 2
137 230 5
137 236 4
137 259 3
137 275 4
137 285 3
137 286 3
137 291 3
137 292 4
137 295 4
138 1 5
138 2 5
138 7 3
138 10 4
138 15 5
138 17 4
138 30 2
138 32 5
138 41 3
138 46 2
138 56 3
138 82 4
138 89 2
138 96 4
138 98 5
138 99 4
138 101 4
138 121 4
138 128 5
138 129 4
138 131 3
138 136 5
138 138 2
138 139 4
138 143 3
138 144 4
138 146 3
138 147 3
138 148 2
138 151 3
138 159 1
138 162 3
138 166 3
138 179 3
138 183 3
138 200 4
138 204 3
138 212 4
138 223 3
138 227 4
138 228 3
138 230 5
138 231 3
138 232 4
138 248 4
138 251 2
138 259 5
138 264 1
138 265 3
138 270 4
138 275 5
138 279 5
138 282 4
138 284 5
138 286 5
138 287 4
138 291 4
138 292 4
138 294 5
138 295 4
138 298 4
139 1 3
139 2 3
139 6 4
139 9 3
139 16 4
139 17 4
139 22 2
139 23 4
139 27 4
139 28 4
139 30 5
139 32 4
139 36 4
139 39 3
139 41 2
139 42 4
139 44 5
139 46 5
139 75 4
139 82 4
139 89 4
139 90 5
139 98 4
139 99 4
139 104 4
139 128 4
139 135 4
139 139 4
139 140 4
139 142 3
139 143 4
139 144 3
139 148 2
139 170 3
139 174 3
139 183 3
139 205 5
139 215 5
139 218 5
139 219 4
139 221 2
139 230 5
139 235 4
139 240 3
139 246 4
139 247 5
139 248 2
139 249 4
139 251 5
139 253 4
139 254 3
139 255 3
139 262 5
139 265 3
139 268 2
139 269 3
139 271 5
139 275 3
139 277 4
139 285 5
139 290 4
139 292 3
139 295 4
139 299 3
140 1 4
140 6 5
140 10 3
140 23 4
140 24 4
140 27 4
140 32 5
140 41 5
140 43 4
140 78 4
140 93 5
140 99 4
140 100 2
140 115 3
140 123 4
140 128 5
140 129 5
140 140 2
140 144 5
140 145 4
140 149 4
140 155 5
140 160 3
140 174 4
140 175 5
140 179 5
140 181 5
140 183 4
140 187 5
140 199 4
140 213 3
140 230 4
140 250 5
140 257 4
140 261 5
140 269 4
140 271 5
140 273 5
140 280 3
140 284 4
140 285 4
141 1 2
141 6 4
141 7 2
141 10 3
141 17 4
141 21 4
141 23 3
141 24 5
141 26 5
141 27 4
141 30 5
141 32 4
141 33 3
141 34 4
141 36 4
141 42 4
141 46 5
141 48 3
141 54 4
141 64 4
141 68 3
141 70 3
141 75 5
141 77 5
141 79 1
141 90 3
141 93 4
141 94 3
141 98 5
141 121 4
141 123 3
141 129 4
141 134 2
141 135 3
141 141 4
141 151 2
141 157 1
141 158 3
141 167 3
141 170 4
141 174 5
141 177 2
141 190 5
141 195 3
141 196 5
141 197 4
141 209 3
141 210 3
141 213 5
141 219 3
141 221 2
141 226 3
141 230 5
141 236 3
141 247 5
141 249 5
141 250 5
141 262 5
141 270 5
141 271 5
141 277 4
141 279 4
141 280 5
141 285 3
141 292 2
141 294 4
141 295 4
142 1 4
142 10 4
142 11 2
142 17 4
142 30 4
142 31 5
142 33 5
142 36 4
142 39 4
142 57 4
142 74 1
142 78 4
142 86 3
142 99 5
142 115 4
142 138 5
142 149 4
142 155 5
142 158 5
142 159 5
142 169 3
142 174 4
142 187 5
142 196 5
142 199 4
142 212 5
142 215 4
142 222 3
143 4 1
143 5 2
143 19 1
143 21 3
143 27 4
143 30 3
143 98 3
143 121 5
143 175 4
143 185 2
143 193 1
143 204 1
143 226 2
143 232 1
143 250 3
143 278 2
143 280 3
143 285 5
143 287 1
144 7 5
144 11 5
144 17 4
144 21 5
144 31 4
144 43 4
144 54 4
144 66 1
144 94 5
144 120 5
144 129 5
144 131 4
144 175 5
144 195 4
144 209 5
144 235 4
144 236 4
144 270 5
144 271 4
144 276 4
144 279 4
144 280 5
144 292 4
144 293 5
145 1 5
145 6 4
145 7 3
145 11 3
145 16 3
145 21 3
145 29 4
145 32 3
145 34 4
145 41 5
145 43 5
145 48 4
145 54 5
145 71 3
145 77 5
145 79 3
145 85 4
145 90 4
145 92 3
145 98 5
145 102 3
145 107 1
145 110 4
145 121 4
145 122 3
145 128 4
145 129 3
145 139 3
145 142 4
145 143 3
145 160 4
145 162 3
145 170 3
145 174 3
145 184 4
145 187 5
145 194 4
145 197 3
145 205 4
145 208 4
145 209 4
145 210 3
145 215 4
145 222 4
145 223 3
145 229 2
145 230 4
145 235 4
145 242 3
145 246 4
145 248 2
145 250 4
145 251 3
145 257 4
145 259 2
145 265 3
145 275 4
145 279 4
145 286 2
145 288 3
145 289 4
145 292 4
146 1 5
146 31 4
146 34 4
146 41 3
146 69 4
146 77 5
146 87 4
146 98 2
146 129 5
146 175 4
146 182 2
146 187 5
146 199 4
146 212 4
146 215 5
146 222 1
146 291 5
147 1 5
147 43 3
147 157 5
147 186 4
147 230 4
148 9 3
148 17 5
148 24 5
148 30 4
148 32 5
148 34 5
148 36 5
148 42 4
148 54 5
148 77 4
148 79 4
148 92 3
148 99 5
148 102 4
148 122 2
148 132 4
148 140 5
148 153 5
148 189 5
148 194 4
148 203 4
148 205 4
148 209 3
148 230 5
148 235 5
148 244 5
148 249 4
148 250 5
148 254 5
148 255 5
148 261 4
148 268 4
148 269 5
148 271 5
148 273 5
148 290 5
149 1 5
149 6 5
149 10 3
149 23 4
149 36 3
149 43 5
149 45 2
149 54 3
149 98 5
149 131 3
149 143 4
149 155 5
149 174 5
149 221 5
149 249 5
149 272 5
149 277 3
149 279 5
149 284 5
149 292 5
150 1 4
150 2 3
150 3 1
150 4 4
150 6 2
150 7 3
150 10 3
150 16 4
150 17 4
150 21 4
150 23 1
150 24 5
150 31 5
150 32 4
150 33 4
150 34 4
150 36 4
150 37 4
150 40 3
150 41 3
150 43 5
150 44 2
150 45 3
150 46 5
150 47 5
150 49 5
150 56 2
150 60 1
150 65 5
150 66 4
150 67 1
150 73 4
150 75 2
150 82 2
150 83 4
150 87 1
150 94 1
150 98 5
150 99 5
150 100 2
150 104 3
150 108 2
150 115 4
150 123 4
150 127 4
150 128 3
150 129 2
150 130 1
150 131 1
150 133 3
150 135 4
150 138 5
150 140 1
150 141 4
150 144 1
150 145 5
150 146 2
150 147 4
150 148 3
150 150 1
150 151 2
150 154 3
150 156 4
150 158 3
150 159 4
150 160 2
150 161 4
150 162 4
150 163 5
150 165 1
150 169 3
150 171 1
150 172 2
150 174 4
150 179 1
150 183 1
150 187 4
150 190 3
150 196 2
150 199 5
150 201 4
150 208 1
150 209 3
150 212 2
150 213 2
150 216 5
150 222 1
150 226 3
150 230 2
150 234 4
150 242 1
150 249 2
150 262 3
150 266 3
150 269 3
150 279 3
150 280 1
150 281 1
150 284 4
150 285 2
150 286 1
150 292 3
150 293 1
150 295 3
150 297 3
151 23 3
151 120 2
151 129 3
151 178 2
151 279 5
152 46 5
152 105 5
152 108 5
152 187 5
152 213 5
152 230 5
152 250 4
153 1 3
153 3 3
153 6 5
153 18 3
153 19 3
153 27 5
153 32 3
153 36 3
153 41 1
153 45 4
153 54 2
153 93 3
153 121 2
153 128 3
153 131 3
153 138 3
153 148 2
153 153 4
153 155 5
153 159 2
153 167 5
153 169 1
153 174 3
153 175 5
153 177 2
153 204 3
153 212 3
153 230 5
153 235 5
153 238 5
153 246 4
153 250 4
153 251 3
153 259 4
153 269 4
153 272 4
153 277 3
153 279 5
153 284 5
153 285 2
153 287 3
153 289 3
153 292 3
154 19 4
154 20 3
154 126 4
154 176 3
154 205 5
154 236 1
154 243 4
155 1 4
155 6 5
155 10 2
155 11 2
155 16 3
155 21 5
155 24 5
155 30 5
155 31 4
155 33 5
155 34 3
155 35 4
155 38 1
155 41 4
155 42 2
155 43 5
155 54 4
155 55 1
155 72 1
155 74 3
155 75 4
155 77 5
155 83 4
155 87 3
155 90 3
155 91 2
155 92 1
155 97 1
155 98 3
155 101 3
155 102 1
155 103 1
155 106 2
155 107 1
155 110 4
155 111 1
155 118 2
155 120 2
155 122 1
155 129 5
155 130 4
155 131 4
155 133 3
155 136 4
155 139 2
155 147 5
155 152 2
155 154 2
155 155 4
155 160 3
155 170 3
155 173 1
155 174 3
155 175 5
155 176 3
155 178 3
155 185 2
155 197 4
155 201 2
155 205 2
155 208 4
155 209 1
155 210 4
155 213 4
155 215 4
155 216 3
155 221 3
155 222 3
155 225 2
155 229 3
155 230 5
155 231 1
155 232 3
155 233 3
155 284 3
156 1 5
156 3 5
156 5 4
156 6 1
156 10 2
156 11 3
156 16 5
156 21 4
156 26 4
156 33 4
156 34 4
156 36 4
156 42 2
156 43 5
156 44 5
156 46 3
156 58 4
156 62 3
156 64 5
156 66 4
156 98 4
156 99 2
156 109 4
156 129 4
156 131 3
156 135 3
156 138 3
156 139 3
156 141 3
156 158 2
156 179 3
156 183 2
156 196 4
156 198 2
156 208 5
156 216 4
156 223 3
156 225 4
156 230 5
156 235 1
156 246 1
156 250 5
156 251 4
156 261 5
156 267 4
156 279 5
156 287 4
156 292 4
156 295 4
157 1 4
157 30 4
157 31 3
157 34 5
157 53 4
157 66 3
157 77 3
157 98 5
157 126 5
157 140 5
157 146 4
157 186 4
157 201 5
157 205 4
157 215 5
157 219 3
157 222 4
157 230 5
158 1 5
158 2 3
158 6 2
158 8 4
158 12 2
158 16 5
158 18 4
158 19 3
158 20 4
158 21 4
158 23 5
158 27 5
158 28 5
158 29 3
158 30 5
158 31 5
158 37 5
158 38 3
158 43 4
158 47 5
158 48 4
158 59 4
158 70 4
158 78 5
158 84 2
158 86 3
158 90 4
158 95 3
158 96 3
158 100 2
158 103 3
158 106 3
158 107 1
158 117 4
158 122 5
158 129 3
158 130 5
158 136 4
158 140 4
158 141 4
158 142 4
158 145 5
158 146 4
158 149 5
158 150 2
158 155 5
158 157 5
158 159 3
158 163 4
158 164 4
158 174 5
158 175 5
158 176 5
158 180 5
158 181 4
158 185 5
158 187 5
158 189 5
158 193 3
158 195 4
158 202 5
158 205 4
158 213 5
158 214 3
158 215 5
158 216 3
158 218 4
158 219 4
158 221 5
158 222 5
158 223 4
158 224 3
158 228 3
158 230 2
158 232 4
158 233 5
158 235 3
158 238 5
158 243 3
159 43 5
159 78 4
159 140 4
159 175 5
159 216 4
159 218 3
160 1 4
160 6 5
160 10 3
160 27 4
160 33 3
160 44 5
160 46 4
160 88 4
160 99 4
160 132 5
160 140 5
160 141 2
160 159 5
160 170 3
160 187 5
160 196 5
160 218 5
160 219 4
160 230 5
160 249 4
160 250 5
160 253 5
160 255 5
160 257 4
160 261 5
160 269 4
160 277 3
161 1 5
161 10 3
161 11 3
161 16 4
161 38 2
161 69 2
161 74 4
161 77 5
161 90 5
161 92 3
161 97 3
161 98 5
161 102 3
161 126 4
161 129 5
161 134 4
161 138 4
161 155 5
161 166 4
161 173 3
161 176 4
161 184 4
161 185 4
161 194 4
161 197 4
161 201 4
161 209 4
161 210 3
161 215 5
161 221 5
161 230 5
161 233 5
161 236 4
161 246 4
161 277 5
161 292 4
162 1 4
162 3 3
162 4 1
162 9 3
162 10 4
162 11 2
162 16 3
162 17 4
162 20 3
162 25 4
162 30 4
162 32 5
162 33 3
162 34 5
162 36 1
162 38 3
162 39 4
162 42 4
162 49 2
162 54 5
162 55 4
162 56 4
162 69 4
162 71 4
162 77 4
162 79 3
162 88 4
162 90 2
162 93 1
162 98 3
162 99 4
162 100 4
162 105 3
162 107 1
162 117 4
162 121 3
162 122 3
162 127 3
162 128 3
162 140 5
162 148 4
162 151 3
162 155 5
162 160 3
162 168 4
162 170 4
162 174 3
162 175 5
162 176 3
162 178 3
162 184 3
162 185 4
162 200 3
162 201 4
162 208 5
162 211 2
162 215 5
162 218 3
162 223 4
162 229 2
162 230 5
162 233 4
162 235 5
162 245 3
162 249 4
162 261 5
162 269 4
162 279 4
162 285 3
163 34 3
163 77 4
163 83 4
163 159 5
163 175 3
163 230 5
163 269 5
164 3 3
164 5 3
164 10 4
164 12 3
164 16 3
164 20 1
164 22 3
164 24 5
164 30 3
164 34 3
164 39 3
164 41 5
164 43 5
164 45 4
164 50 3
164 51 1
164 53 4
164 55 2
164 61 2
164 62 2
164 63 2
164 69 3
164 70 1
164 71 3
164 74 4
164 77 5
164 78 3
164 79 3
164 88 3
164 91 3
164 92 2
164 95 3
164 98 3
164 100 3
164 102 4
164 105 3
164 107 2
164 113 4
164 117 3
164 122 2
164 123 3
164 126 3
164 134 3
164 138 4
164 140 2
164 149 4
164 151 1
164 154 2
164 155 5
164 160 3
164 164 2
164 168 4
164 169 3
164 171 4
164 173 3
164 176 3
164 178 2
164 182 2
164 184 2
164 185 3
164 186 3
164 187 3
164 193 1
164 205 4
164 210 3
164 214 2
164 215 5
164 217 2
164 221 3
164 222 5
164 223 3
164 224 3
164 225 2
164 229 2
164 230 5
164 231 2
164 233 4
164 234 4
164 235 4
165 16 4
165 22 4
165 24 3
165 25 3
165 27 4
165 29 1
165 30 3
165 49 2
165 58 1
165 77 3
165 98 1
165 128 4
165 156 4
165 166 5
165 169 1
165 187 2
165 199 1
165 226 3
165 259 2
165 264 1
165 294 1
166 2 4
166 6 3
166 9 2
166 11 4
166 20 3
166 21 4
166 23 3
166 30 4
166 31 3
166 32 4
166 34 3
166 41 3
166 43 4
166 49 4
166 71 3
166 74 4
166 77 5
166 86 3
166 90 4
166 91 4
166 92 3
166 97 3
166 98 5
166 104 3
166 106 3
166 126 3
166 134 4
166 149 3
166 157 4
166 160 4
166 173 4
166 178 3
166 184 4
166 185 4
166 187 4
166 193 3
166 194 3
166 197 4
166 198 4
166 199 4
166 201 3
166 209 4
166 215 5
166 216 3
166 222 3
166 223 4
166 230 3
166 234 3
166 236 2
166 250 5
167 1 2
167 6 4
167 21 4
167 29 4
167 44 5
167 46 5
167 66 5
167 78 4
167 85 3
167 98 5
167 100 3
167 128 4
167 131 3
167 139 4
167 143 3
167 151 1
167 155 5
167 158 4
167 174 5
167 175 4
167 183 3
167 187 5
167 196 5
167 206 4
167 236 4
167 261 5
167 265 4
167 275 4
167 279 4
167 285 4
167 286 3
167 291 2
167 292 3
168 1 5
168 32 4
168 36 4
168 44 3
168 98 5
168 123 4
168 139 2
168 155 5
168 196 5
168 250 4
168 256 2
168 261 5
168 269 4
168 279 5
168 285 1
169 11 4
169 24 4
169 30 3
169 43 4
169 47 3
169 77 4
169 78 3
169 99 5
169 128 4
169 144 5
169 170 2
169 175 5
169 187 4
169 215 5
169 227 5
169 233 3
169 272 1
170 1 5
170 6 4
170 10 5
170 21 2
170 36 5
170 46 3
170 92 5
170 102 5
170 105 5
170 111 2
170 120 1
170 122 5
170 173 5
170 185 5
170 209 5
170 213 5
170 229 5
170 230 5
170 232 5
170 233 4
170 239 2
170 260 4
171 9 3
171 11 5
171 21 3
171 43 3
171 78 3
171 83 4
171 98 5
171 102 5
171 131 3
171 134 4
171 143 4
171 144 3
171 156 2
171 173 3
171 175 4
171 183 2
171 187 4
171 205 4
171 209 5
171 222 4
171 224 4
171 233 5
171 265 4
171 275 3
172 1 5
172 23 4
172 31 3
172 46 5
172 77 5
172 130 5
172 230 5
172 249 5
172 284 5
173 1 4
173 4 4
173 7 2
173 11 4
173 16 4
173 17 4
173 21 4
173 24 5
173 31 3
173 32 5
173 33 4
173 34 4
173 36 4
173 37 4
173 40 4
173 43 3
173 46 5
173 48 5
173 53 5
173 54 5
173 58 5
173 68 4
173 71 2
173 78 5
173 79 4
173 86 3
173 90 4
173 92 2
173 94 3
173 110 4
173 123 4
173 140 5
173 147 3
173 153 4
173 160 4
173 164 4
173 170 4
173 184 4
173 186 2
173 192 4
173 203 3
173 205 4
173 206 3
173 208 5
173 215 4
173 219 5
173 221 4
173 222 3
173 231 4
173 233 4
173 235 4
173 236 2
173 238 4
173 240 5
173 245 3
173 247 5
173 249 4
173 257 4
173 261 4
173 269 5
173 270 4
173 280 5
173 285 4
173 289 3
173 292 3
173 296 4
174 1 4
174 23 3
174 155 5
174 179 2
174 185 4
174 196 3
174 215 5
174 252 2
175 4 3
175 7 4
175 10 3
175 11 3
175 19 2
175 21 3
175 31 1
175 33 4
175 34 3
175 39 3
175 44 2
175 47 3
175 57 4
175 75 3
175 76 2
175 77 5
175 82 5
175 86 2
175 87 3
175 92 2
175 93 4
175 95 4
175 98 3
175 99 2
175 113 3
175 115 3
175 118 3
175 133 3
175 138 2
175 139 4
175 146 2
175 147 4
175 148 5
175 153 5
175 168 4
175 171 3
175 175 2
175 176 2
175 177 3
175 186 3
175 187 5
175 190 3
175 199 2
175 201 4
175 204 3
175 205 4
175 208 1
175 214 2
175 216 4
175 217 2
175 221 1
175 222 2
175 223 4
175 224 4
175 228 1
175 230 3
175 233 3
175 261 5
175 277 5
176 1 3
176 6 5
176 43 5
176 44 1
176 66 2
176 208 2
176 215 4
176 230 5
176 235 2
176 249 3
176 250 5
177 19 4
177 23 2
177 37 3
177 123 3
177 129 2
177 136 5
177 169 1
177 191 4
177 272 5
178 6 5
178 10 2
178 11 2
178 16 3
178 21 5
178 24 5
178 30 5
178 32 4
178 34 5
178 36 3
178 38 4
178 41 1
178 44 4
178 45 2
178 46 5
178 66 4
178 67 1
178 89 1
178 93 3
178 94 4
178 98 5
178 110 4
178 123 3
178 128 3
178 129 2
178 131 1
178 138 1
178 139 3
178 142 3
178 143 1
178 146 1
178 150 2
178 151 1
178 158 4
178 159 1
178 160 1
178 174 2
178 179 2
178 183 1
178 196 5
178 197 4
178 198 4
178 203 3
178 206 4
178 209 2
178 221 5
178 227 2
178 229 2
178 230 4
178 236 3
178 246 3
178 248 1
178 249 3
178 250 5
178 251 3
178 252 3
178 259 2
178 267 4
178 270 2
178 272 2
178 274 4
178 275 1
178 276 4
178 277 4
178 279 4
178 280 3
178 284 3
178 285 3
178 288 2
178 291 3
178 292 3
178 293 1
178 294 3
178 295 3
179 1 4
179 11 3
179 26 4
179 31 5
179 34 4
179 36 4
179 46 5
179 73 5
179 76 5
179 77 4
179 83 3
179 118 3
179 138 5
179 140 3
179 154 4
179 175 5
179 187 5
179 196 4
179 208 3
179 210 3
179 268 2
179 274 4
179 280 4
179 292 5
180 1 4
180 2 3
180 30 4
180 32 3
180 36 5
180 65 4
180 98 3
180 155 5
180 160 2
180 186 4
180 187 5
180 191 5
180 210 5
180 220 4
180 222 4
180 260 4
180 270 5
180 272 4
180 279 5
180 283 3
180 285 4
181 1 5
181 2 3
181 3 4
181 6 2
181 8 4
181 12 2
181 15 3
181 16 5
181 18 4
181 19 3
181 20 4
181 21 4
181 23 5
181 27 5
181 28 5
181 29 3
181 30 5
181 31 4
181 32 5
181 40 5
181 41 3
181 46 4
181 48 3
181 54 5
181 56 4
181 63 4
181 71 4
181 74 4
181 77 3
181 84 4
181 85 4
181 91 1
181 92 3
181 96 3
181 99 5
181 103 4
181 105 5
181 111 2
181 121 3
181 128 4
181 135 3
181 136 3
181 141 2
181 146 3
181 149 5
181 150 3
181 151 1
181 155 4
181 160 1
181 161 4
181 165 3
181 172 4
181 173 5
181 183 5
181 185 1
181 186 3
181 194 3
181 196 3
181 197 5
181 205 3
181 206 4
181 212 4
181 213 4
181 214 4
181 215 5
181 219 5
181 220 4
181 221 5
181 222 3
181 223 5
181 225 2
181 230 5
181 232 5
181 233 3
181 235 3
181 240 4
181 241 4
181 249 5
181 250 5
181 251 5
181 254 5
181 255 5
181 259 5
181 261 5
181 263 5
181 264 3
181 266 4
181 272 4
181 277 5
181 278 3
181 279 5
181 280 3
181 283 4
181 284 5
181 285 5
181 286 4
181 287 3
181 292 2
181 294 4
181 295 5
181 297 3
182 1 3
182 17 5
182 34 4
182 41 4
182 46 5
182 53 4
182 57 2
182 74 5
182 77 4
182 87 3
182 90 3
182 98 4
182 99 4
182 110 2
182 118 2
182 145 4
182 147 4
182 155 5
182 174 4
182 176 4
182 187 5
182 216 4
182 233 2
182 250 5
182 280 4
183 1 4
183 4 2
183 6 4
183 17 4
183 24 5
183 27 3
183 31 3
183 33 5
183 36 3
183 41 5
183 43 5
183 47 3
183 54 4
183 73 4
183 74 2
183 78 3
183 79 2
183 80 2
183 81 3
183 83 4
183 101 4
183 105 2
183 108 4
183 114 4
183 118 3
183 121 2
183 124 4
183 125 3
183 128 4
183 131 2
183 135 3
183 136 4
183 138 4
183 144 5
183 145 4
183 158 4
183 159 4
183 163 4
183 170 5
183 172 5
183 175 4
183 187 3
183 188 4
183 190 4
183 197 5
183 199 4
183 204 4
183 206 4
183 208 5
183 215 3
183 216 4
183 221 4
183 227 3
183 235 5
183 238 2
183 261 5
184 1 5
184 2 3
184 10 4
184 11 3
184 16 4
184 23 4
184 24 3
184 31 3
184 41 2
184 67 5
184 77 3
184 82 2
184 90 4
184 93 4
184 98 5
184 106 2
184 108 5
184 117 3
184 128 5
184 131 3
184 138 3
184 139 4
184 143 3
184 155 5
184 159 3
184 175 4
184 187 4
184 191 4
184 194 3
184 196 5
184 204 4
184 208 4
184 222 2
184 230 5
184 243 4
184 248 3
184 251 4
184 258 4
184 259 4
184 265 4
184 267 4
184 270 4
184 275 4
184 276 3
184 279 5
184 284 5
184 292 5
184 295 5
184 298 4
185 3 3
185 4 1
185 9 3
185 10 4
185 11 4
185 16 3
185 17 3
185 20 3
185 21 3
185 25 4
185 34 3
185 39 1
185 41 3
185 42 3
185 58 2
185 59 2
185 66 5
185 67 4
185 68 4
185 75 3
185 77 4
185 85 4
185 98 4
185 100 3
185 120 3
185 124 4
185 128 2
185 139 3
185 141 4
185 148 3
185 151 1
185 155 5
185 172 4
185 173 3
185 175 4
185 183 3
185 192 3
185 195 3
185 205 4
185 210 4
185 222 4
185 226 3
185 230 5
185 236 3
185 244 4
185 246 4
185 249 3
185 250 5
185 251 3
185 252 3
185 258 3
185 259 4
185 270 4
185 279 5
185 282 3
185 291 2
185 292 4
185 295 4
186 1 4
186 31 5
186 36 3
186 54 2
186 74 4
186 83 5
186 86 1
186 87 3
186 98 4
186 109 4
186 110 4
186 138 4
186 201 2
186 204 5
186 208 3
186 235 5
186 250 3
186 292 4
187 3 3
187 5 3
187 10 4
187 12 3
187 16 3
187 20 1
187 22 3
187 24 5
187 30 3
187 33 5
187 36 3
187 42 3
187 44 5
187 46 5
187 60 3
187 61 1
187 65 4
187 67 2
187 72 2
187 73 2
187 75 2
187 76 5
187 82 3
187 84 1
187 85 3
187 93 4
187 98 5
187 99 3
187 100 3
187 124 3
187 129 3
187 131 2
187 135 3
187 139 3
187 141 3
187 143 4
187 144 1
187 148 3
187 151 2
187 163 4
187 172 3
187 183 2
187 184 3
187 187 5
187 191 3
187 204 3
187 208 4
187 210 2
187 215 5
187 219 4
187 221 5
187 223 4
187 226 1
187 229 2
187 230 5
187 234 4
187 236 3
187 241 2
187 244 4
187 245 3
187 248 3
187 251 3
187 252 2
187 256 2
187 258 2
187 259 3
187 260 3
187 261 3
187 264 1
187 272 4
187 276 3
187 278 2
187 279 5
187 281 2
187 284 3
187 285 5
187 286 3
187 287 3
187 288 2
187 291 2
187 293 2
187 295 4
187 296 4
187 297 4
188 16 4
188 22 4
188 24 3
188 25 3
188 29 1
188 30 4
188 58 2
188 70 1
188 98 3
188 125 1
188 139 1
188 149 4
188 182 2
188 187 5
188 195 4
188 231 4
188 243 5
188 245 1
188 261 2
188 269 1
188 289 3
189 2 4
189 6 3
189 9 2
189 11 4
189 20 3
189 21 4
189 23 3
189 24 4
189 26 5
189 27 4
189 30 4
189 31 5
189 32 3
189 34 5
189 36 3
189 43 5
189 44 3
189 46 4
189 58 4
189 60 5
189 77 1
189 81 4
189 85 3
189 87 3
189 93 4
189 95 4
189 98 5
189 99 5
189 114 5
189 119 5
189 121 3
189 128 4
189 129 4
189 131 3
189 138 3
189 139 5
189 145 5
189 147 3
189 150 3
189 155 4
189 163 4
189 175 4
189 191 3
189 204 4
189 220 4
189 221 3
189 222 4
189 223 3
189 232 4
189 236 4
189 237 5
189 248 4
189 252 3
189 258 4
189 259 4
189 261 4
189 264 3
189 265 3
189 267 4
189 269 4
189 270 3
189 275 4
189 279 5
189 280 3
189 285 3
189 286 4
189 292 3
189 296 3
189 298 2
190 1 4
190 31 3
190 99 4
190 100 3
190 127 4
190 155 4
190 164 2
190 187 4
190 230 5
190 249 5
190 250 4
190 261 5
190 273 4
191 1 4
191 5 4
191 7 4
191 10 4
191 12 2
191 31 5
191 38 2
191 51 1
191 53 2
191 68 2
191 74 1
191 85 2
191 90 5
191 103 4
191 134 4
191 139 4
191 155 4
191 165 3
191 186 4
191 187 4
191 209 3
191 215 4
191 216 3
191 217 3
191 222 3
191 223 5
191 224 2
191 230 5
192 12 1
192 16 3
192 24 4
192 28 4
192 30 3
192 31 5
192 33 4
192 35 4
192 47 3
192 66 4
192 90 4
192 91 4
192 98 4
192 108 3
192 119 3
192 145 3
192 159 3
192 162 3
192 163 3
192 167 3
192 175 3
192 176 3
192 199 5
193 1 5
193 17 3
193 24 4
193 30 3
193 34 4
193 46 4
193 47 5
193 54 3
193 56 4
193 77 5
193 98 4
193 99 3
193 140 5
193 155 5
193 174 4
193 187 5
193 199 5
193 216 3
193 218 5
193 246 2
193 250 5
193 261 4
193 279 5
193 290 5
193 295 3
194 17 3
194 31 3
194 77 4
194 79 4
194 90 5
194 98 4
194 138 3
194 144 2
194 186 3
194 206 4
194 215 4
195 6 4
195 10 5
195 21 2
195 30 5
195 39 5
195 131 5
195 143 5
195 148 5
195 159 2
195 179 1
195 183 5
195 248 5
195 259 5
195 275 5
195 277 5
195 291 5
195 292 5
195 295 4
195 299 2
196 30 3
196 34 3
196 41 2
196 43 5
196 53 5
196 77 3
196 79 5
196 85 2
196 91 3
196 98 3
196 118 3
196 122 3
196 126 3
196 129 4
196 134 2
196 138 5
196 155 2
196 156 2
196 163 4
196 170 2
196 175 3
196 185 3
196 193 3
196 194 4
196 205 3
196 213 4
196 215 4
196 219 3
196 221 2
196 223 4
196 232 2
196 233 4
197 11 5
197 17 5
197 21 3
197 43 5
197 46 3
197 99 3
197 110 4
197 143 5
197 155 4
197 175 5
197 201 3
197 204 4
197 215 4
197 216 5
197 218 3
197 231 2
197 248 3
197 250 4
197 261 4
197 272 4
197 275 5
197 285 4
197 287 4
197 295 5
198 1 5
198 2 3
198 10 3
198 11 2
198 12 1
198 21 4
198 22 2
198 30 3
198 32 3
198 36 1
198 38 2
198 53 3
198 54 2
198 59 1
198 70 1
198 71 2
198 77 4
198 78 4
198 88 3
198 91 3
198 92 2
198 97 2
198 98 5
198 102 3
198 103 2
198 106 3
198 107 3
198 117 1
198 120 2
198 122 1
198 138 2
198 149 2
198 151 1
198 155 4
198 164 3
198 170 1
198 173 3
198 175 3
198 178 1
198 185 2
198 186 3
198 187 4
198 194 2
198 195 2
198 197 5
198 205 3
198 209 3
198 213 2
198 215 3
198 219 3
198 222 3
198 224 2
198 230 2
198 232 1
198 233 3
198 235 3
199 1 4
199 7 2
199 11 4
199 32 3
199 66 2
199 85 2
199 121 3
199 131 2
199 158 2
199 260 2
199 272 2
199 273 3
199 279 4
199 285 3
199 295 4
200 1 4
200 16 3
200 23 5
200 31 5
200 230 5
200 259 4
200 279 5
201 4 3
201 7 4
201 10 3
201 11 3
201 19 2
201 21 3
201 32 1
201 34 4
201 36 3
201 42 3
201 48 2
201 54 3
201 69 4
201 77 5
201 81 2
201 91 2
201 94 3
201 96 2
201 97 4
201 98 5
201 121 2
201 123 3
201 131 2
201 132 4
201 135 4
201 139 3
201 140 2
201 155 5
201 163 3
201 170 3
201 174 3
201 178 3
201 203 3
201 208 2
201 209 4
201 220 2
201 221 4
201 222 3
201 230 3
201 244 4
201 250 2
201 251 2
201 260 3
201 261 5
201 269 2
201 270 4
201 271 3
201 272 4
201 274 1
201 278 2
201 280 4
201 281 2
201 284 1
201 285 2
201 286 4
201 287 4
201 292 3
201 295 3
202 39 1
202 43 4
202 46 5
202 74 5
202 90 5
202 128 3
202 155 5
202 187 5
202 199 3
202 201 3
202 215 5
202 216 3
202 230 4
202 279 4
203 11 4
203 21 5
203 23 2
203 30 2
203 40 3
203 77 4
203 160 4
203 184 3
203 196 2
203 206 5
203 209 4
203 230 3
203 233 4
203 236 4
204 54 5
204 74 4
204 79 4
204 100 5
204 126 5
204 134 4
204 170 4
204 173 4
204 196 4
204 213 4
204 215 3
204 233 5
204 236 1
205 1 5
205 18 1
205 31 4
205 32 5
205 77 3
205 90 5
205 98 4
205 99 4
205 110 3
205 144 5
205 155 4
205 175 5
205 179 4
205 180 5
205 181 4
205 208 5
205 250 5
205 261 5
205 276 3
206 1 4
206 21 4
206 30 4
206 48 3
206 51 3
206 54 3
206 77 5
206 97 3
206 99 2
206 101 2
206 102 3
206 107 3
206 117 4
206 122 3
206 134 4
206 155 5
206 185 4
206 187 4
206 210 4
206 213 4
206 232 4
206 236 4
207 2 3
207 16 5
207 30 4
207 36 4
207 71 4
207 77 5
207 101 5
207 122 1
207 170 5
207 230 5
207 233 3
207 236 2
207 260 4
207 261 5
207 285 4
208 2 5
208 3 4
208 15 3
208 23 5
208 29 3
208 30 5
208 32 4
208 41 5
208 56 3
208 74 5
208 85 4
208 91 5
208 98 3
208 116 4
208 129 1
208 131 3
208 136 3
208 146 4
208 148 5
208 152 3
208 160 5
208 215 4
208 223 5
208 230 3
208 236 1
208 248 5
208 259 1
208 260 3
208 265 3
208 272 3
208 277 4
208 279 5
208 283 3
208 284 5
208 285 3
208 286 3
208 292 5
208 295 3
209 1 3
209 6 3
209 10 4
209 11 5
209 16 3
209 17 5
209 22 3
209 30 2
209 31 4
209 33 3
209 36 4
209 39 4
209 41 2
209 43 3
209 44 4
209 65 4
209 69 2
209 93 5
209 98 4
209 123 3
209 128 3
209 129 3
209 131 4
209 134 3
209 139 4
209 155 5
209 158 2
209 160 3
209 173 4
209 174 2
209 187 5
209 194 4
209 206 1
209 209 4
209 210 3
209 216 3
209 219 4
209 221 4
209 230 5
209 249 4
209 251 4
209 261 5
209 280 4
209 295 2
210 1 4
210 4 2
210 6 4
210 17 4
210 24 5
210 27 3
210 30 5
210 32 3
210 34 5
210 39 3
210 43 5
210 44 5
210 46 5
210 54 3
210 66 4
210 77 5
210 86 3
210 87 4
210 90 4
210 93 2
210 99 3
210 100 2
210 101 2
210 104 3
210 110 4
210 120 2
210 142 4
210 148 2
210 149 4
210 153 4
210 155 4
210 163 4
210 167 4
210 170 4
210 174 3
210 175 5
210 176 4
210 181 2
210 185 4
210 187 5
210 188 4
210 190 3
210 195 4
210 198 2
210 205 3
210 206 4
210 208 4
210 216 4
210 218 5
210 219 4
210 223 2
210 233 4
210 235 4
210 240 4
210 246 5
210 247 5
210 250 4
210 261 3
210 262 4
210 267 5
210 269 4
210 271 4
210 273 4
210 274 5
210 279 3
210 280 4
210 284 4
210 290 3
211 6 4
211 15 4
211 21 5
211 54 4
211 77 5
211 97 3
211 102 4
211 106 3
211 107 3
211 111 1
211 122 3
211 132 3
211 155 3
211 170 4
211 185 4
211 209 4
211 213 4
211 230 3
211 232 3
211 233 4
212 5 2
212 10 4
212 14 4
212 15 1
212 17 5
212 18 4
212 21 4
212 30 5
212 31 5
212 33 4
212 34 3
212 41 5
212 54 4
212 63 3
212 77 4
212 78 4
212 79 4
212 90 4
212 97 1
212 102 4
212 129 4
212 141 3
212 146 4
212 147 3
212 149 3
212 160 2
212 168 5
212 170 5
212 184 1
212 187 5
212 194 4
212 210 3
212 213 4
212 215 4
212 279 4
213 30 4
213 106 4
213 117 3
213 155 5
213 185 4
213 193 3
214 2 3
214 11 3
214 17 4
214 23 4
214 24 3
214 31 5
214 32 3
214 34 5
214 80 5
214 98 3
214 128 4
214 139 4
214 150 2
214 153 5
214 155 5
214 172 3
214 187 5
214 194 2
214 208 4
214 230 5
214 233 2
214 235 3
214 250 4
214 261 4
214 265 3
214 285 2
215 1 4
215 2 3
215 5 2
215 21 3
215 38 3
215 42 3
215 48 3
215 49 4
215 71 2
215 74 1
215 76 2
215 77 3
215 86 1
215 91 4
215 92 3
215 94 3
215 98 4
215 105 2
215 106 3
215 107 3
215 112 2
215 122 3
215 134 1
215 155 4
215 186 4
215 194 3
215 201 3
215 205 1
215 209 3
215 216 3
215 219 2
215 221 3
215 222 3
215 230 5
215 233 3
215 248 3
215 250 4
215 272 4
216 1 5
216 34 1
216 44 4
216 159 4
216 166 4
216 187 4
216 230 5
217 1 4
217 32 5
217 66 2
217 93 4
217 110 5
217 121 1
217 123 3
217 154 4
217 158 2
217 175 3
217 187 5
217 208 4
217 270 2
217 271 5
217 274 3
218 10 4
218 17 4
218 34 5
218 43 4
218 44 4
218 77 3
218 86 2
218 96 5
218 124 3
218 135 4
218 144 3
218 159 4
218 163 5
218 168 2
218 175 3
218 180 5
218 187 5
218 199 4
218 205 2
218 215 4
218 216 3
218 222 3
218 261 5
218 279 5
218 283 4
218 284 5
218 296 4
219 10 4
219 17 3
219 29 4
219 34 4
219 40 4
219 42 4
219 62 3
219 77 4
219 92 3
219 113 4
219 116 4
219 127 5
219 128 4
219 134 1
219 146 2
219 148 4
219 149 2
219 160 4
219 166 4
219 186 4
219 201 4
219 204 2
219 210 4
219 216 3
219 222 3
219 223 4
219 233 5
219 234 5
219 261 5
220 24 4
220 26 5
220 27 4
220 30 4
220 32 5
220 36 5
220 46 5
220 77 3
220 90 3
220 98 1
220 104 4
220 123 3
220 130 2
220 132 4
220 135 4
220 140 5
220 167 5
220 175 5
220 181 3
220 219 5
220 230 4
220 240 4
220 250 4
220 284 3
220 285 4
221 1 4
221 21 4
221 32 3
221 141 3
221 155 4
221 215 5
221 230 4
221 241 2
221 261 4
222 1 4
222 2 4
222 5 4
222 7 4
222 10 4
222 12 2
222 31 2
222 32 5
222 38 3
222 41 2
222 48 3
222 61 1
222 65 2
222 74 4
222 78 3
222 90 5
222 93 1
222 96 1
222 106 3
222 107 2
222 113 2
222 116 2
222 122 3
222 128 5
222 129 5
222 134 4
222 141 3
222 146 4
222 153 2
222 155 5
222 174 4
222 185 4
222 186 4
222 187 4
222 197 4
222 204 4
222 209 4
222 221 4
222 223 5
222 230 4
222 242 3
222 260 4
222 261 4
222 275 3
222 279 4
222 280 3
222 281 3
222 285 3
222 286 5
222 287 2
223 1 5
223 6 5
223 10 4
223 16 3
223 21 4
223 23 3
223 24 4
223 28 4
223 30 3
223 31 4
223 32 5
223 34 4
223 38 4
223 41 5
223 43 5
223 44 4
223 48 2
223 54 3
223 63 1
223 74 4
223 78 4
223 79 4
223 86 2
223 91 4
223 92 1
223 98 4
223 100 4
223 110 5
223 122 4
223 128 4
223 129 4
223 138 4
223 139 4
223 153 3
223 155 5
223 174 5
223 175 3
223 178 1
223 185 4
223 195 3
223 209 4
223 210 2
223 212 1
223 215 5
223 216 3
223 219 3
223 221 4
223 222 4
223 227 4
223 230 4
223 233 5
223 235 3
223 240 3
223 250 3
223 251 3
223 269 5
224 1 5
224 17 3
224 30 5
224 31 2
224 36 4
224 38 4
224 41 4
224 43 5
224 53 3
224 54 5
224 58 4
224 68 4
224 71 3
224 77 5
224 84 4
224 86 4
224 88 4
224 98 5
224 100 3
224 117 4
224 126 4
224 151 3
224 155 4
224 194 4
224 205 3
224 213 4
224 215 5
224 221 4
224 230 5
224 233 3
224 249 4
224 261 5
224 269 5
224 280 3
225 17 3
225 21 4
225 30 5
225 32 3
225 77 5
225 90 4
225 98 4
225 100 4
225 128 5
225 129 5
225 139 4
225 155 5
225 175 5
225 176 4
225 187 5
225 199 5
225 208 3
225 218 2
225 260 3
225 279 4
226 6 2
226 17 4
226 21 5
226 30 5
226 174 4
226 215 4
226 233 3
227 30 3
227 36 3
227 44 2
227 46 5
227 54 5
227 65 5
227 98 3
227 100 5
227 116 2
227 117 5
227 129 3
227 139 3
227 149 3
227 164 4
227 174 3
227 183 3
227 191 3
227 195 4
227 196 4
227 204 2
227 208 5
227 230 2
227 231 2
227 240 4
227 246 2
227 250 3
227 259 3
227 264 3
227 265 4
227 272 3
227 277 4
227 279 4
227 283 3
227 284 2
227 286 4
227 294 2
227 295 4
228 11 4
228 17 5
228 31 1
228 46 5
228 138 5
228 206 3
228 230 4
228 250 5
228 270 3
228 279 4
228 280 5
229 2 3
229 10 3
229 11 2
229 12 1
229 21 4
229 22 2
229 27 4
229 30 3
229 39 1
229 41 2
229 43 5
229 47 5
229 65 3
229 66 2
229 71 1
229 84 1
229 85 2
229 98 4
229 99 4
229 108 1
229 109 3
229 119 1
229 124 3
229 129 3
229 131 2
229 135 3
229 138 2
229 143 3
229 144 4
229 146 2
229 150 3
229 151 3
229 159 5
229 163 2
229 172 1
229 175 5
229 179 2
229 183 1
229 189 4
229 206 5
229 208 2
229 223 2
229 226 1
229 230 4
229 237 1
229 241 3
229 246 1
229 248 3
229 250 3
229 252 1
229 259 2
229 260 3
229 261 4
229 265 2
229 266 2
229 267 2
229 272 3
229 275 3
229 277 2
229 279 3
229 283 3
229 285 3
229 287 2
229 292 2
229 294 1
229 295 3
229 297 3
230 16 3
230 25 5
230 32 5
230 38 5
230 77 5
230 102 5
230 117 5
230 215 5
231 1 5
231 2 3
231 5 1
231 10 3
231 41 2
231 42 1
231 43 5
231 54 2
231 70 3
231 75 1
231 76 4
231 77 4
231 85 4
231 92 2
231 96 2
231 98 5
231 106 5
231 112 2
231 117 1
231 129 5
231 134 3
231 135 4
231 138 4
231 141 1
231 155 5
231 175 5
231 186 2
231 187 5
231 197 4
231 201 2
231 213 3
231 215 3
231 219 2
231 221 3
231 230 5
231 233 3
231 236 4
231 292 3
232 22 5
232 42 1
232 43 5
232 46 4
232 60 3
232 78 5
232 93 5
232 99 5
232 121 1
232 128 5
232 144 4
232 195 3
232 216 3
232 230 5
232 261 5
232 269 3
232 270 3
232 279 5
232 280 3
232 292 4
233 24 3
233 78 3
233 98 4
233 155 4
233 175 5
233 215 4
233 230 3
233 279 4
234 11 4
234 17 4
234 21 5
234 30 2
234 31 3
234 33 4
234 35 4
234 47 4
234 57 3
234 77 4
234 90 4
234 98 4
234 135 4
234 138 3
234 145 3
234 168 5
234 175 4
234 179 3
234 180 4
234 183 3
234 185 3
234 187 4
234 236 4
234 275 4
234 292 3
234 295 4
234 298 4
235 21 3
235 66 5
235 77 5
235 93 4
235 100 4
235 141 5
235 155 5
235 191 5
235 204 4
235 209 4
235 230 5
235 246 4
235 248 4
235 277 4
235 279 3
235 295 5
236 18 1
236 32 4
236 43 5
236 98 3
236 118 3
236 140 4
236 218 5
236 222 3
236 230 4
236 250 5
236 253 4
236 254 5
236 255 4
237 24 3
237 43 5
237 77 5
237 90 3
237 174 5
237 215 5
238 1 4
238 3 1
238 21 4
238 30 4
238 42 5
238 49 4
238 56 3
238 61 3
238 66 3
238 77 5
238 91 5
238 98 5
238 138 3
238 143 3
238 147 5
238 151 3
238 156 4
238 159 4
238 172 4
238 183 3
238 204 4
238 230 5
238 259 4
238 261 4
238 276 4
238 277 4
238 294 4
238 298 4
239 16 5
239 30 4
239 39 4
239 85 4
239 98 5
239 117 3
239 142 5
239 155 5
239 180 4
239 183 1
239 246 5
239 292 3
239 295 3
240 1 2
240 17 4
240 23 5
240 30 5
240 31 5
240 40 3
240 44 5
240 47 5
240 49 5
240 64 3
240 86 5
240 90 4
240 93 5
240 98 3
240 115 5
240 129 5
240 134 1
240 149 1
240 158 4
240 159 4
240 167 5
240 176 3
240 179 5
240 180 4
240 181 5
240 183 5
240 187 5
240 189 3
240 198 3
240 205 1
240 208 3
240 215 4
240 236 5
240 279 4
240 292 3
241 1 3
241 6 3
241 10 4
241 11 5
241 16 3
241 22 3
241 30 2
241 31 4
241 32 4
241 34 3
241 42 4
241 44 2
241 46 3
241 130 5
241 138 4
241 139 5
241 144 4
241 196 3
241 198 4
241 204 3
241 208 3
241 230 5
241 248 4
241 261 5
241 265 4
241 273 1
241 275 4
241 276 3
241 280 3
241 292 3
242 6 5
242 21 5
242 24 4
242 30 5
242 36 4
242 42 4
242 43 5
242 46 5
242 77 5
242 79 3
242 98 5
242 123 4
242 129 3
242 187 5
242 209 4
242 223 4
242 230 4
242 240 4
242 246 4
242 249 2
242 250 5
242 251 4
242 259 4
242 261 5
242 280 4
242 286 2
243 6 4
243 15 4
243 21 5
243 66 4
243 77 5
243 78 4
243 79 4
243 98 5
243 135 4
243 138 3
243 143 4
243 150 3
243 151 3
243 155 3
243 159 1
243 175 4
243 183 3
243 187 5
243 200 3
243 230 3
243 246 4
243 259 4
243 275 4
243 277 4
243 292 3
243 294 3
243 295 4
244 1 3
244 5 2
244 10 4
244 14 4
244 15 1
244 17 5
244 18 4
244 21 4
244 30 5
244 31 5
244 32 5
244 34 4
244 36 3
244 44 5
244 66 4
244 75 3
244 93 5
244 98 4
244 99 4
244 100 4
244 128 4
244 129 5
244 137 3
244 138 1
244 143 4
244 144 5
244 169 1
244 172 4
244 196 4
244 212 3
244 220 4
244 221 3
244 223 3
244 236 2
244 244 5
244 246 5
244 258 1
244 261 5
244 265 4
244 276 3
244 277 4
244 279 4
245 1 5
245 10 4
245 17 5
245 31 5
245 41 4
245 77 5
245 90 5
245 100 4
245 102 5
245 150 4
245 172 3
245 185 2
245 187 5
245 194 3
245 209 3
245 223 3
245 230 5
245 233 5
245 259 4
245 264 3
246 17 4
246 32 5
246 36 5
246 230 5
246 261 5
246 265 2
246 274 4
246 295 2
247 1 4
247 2 3
247 5 2
247 41 3
247 45 3
247 56 3
247 58 4
247 85 2
247 93 1
247 96 2
247 98 3
247 121 1
247 129 4
247 131 3
247 139 3
247 148 2
247 150 3
247 151 3
247 162 2
247 183 3
247 204 1
247 230 4
247 260 4
247 265 3
247 270 3
247 272 1
247 275 3
247 280 3
247 283 2
247 284 3
247 285 3
247 292 3
247 295 3
248 36 1
248 48 4
248 235 4
248 243 4
248 261 4
249 10 4
249 17 4
249 36 4
249 46 4
249 48 4
249 98 3
249 121 2
249 188 3
249 205 4
249 218 3
249 235 4
249 240 5
249 244 2
249 250 3
249 254 5
249 261 5
249 269 4
249 272 2
249 279 4
249 280 3
249 285 3
250 10 4
250 17 3
250 29 4
250 36 4
250 43 4
250 45 4
250 73 3
250 98 4
250 120 4
250 131 3
250 163 4
250 171 4
250 182 4
250 192 5
250 195 4
250 204 1
250 220 2
250 222 4
250 223 2
250 236 4
250 243 4
250 260 4
250 270 4
250 271 2
250 276 4
250 280 3
250 285 3
250 295 5
250 296 5
251 1 4
251 2 4
251 10 4
251 32 2
251 41 3
251 44 4
251 56 3
251 93 4
251 99 3
251 128 5
251 136 1
251 150 3
251 151 2
251 163 2
251 183 3
251 196 5
251 204 4
251 212 3
251 228 2
251 230 5
251 249 4
251 259 4
251 260 4
251 261 4
251 267 4
251 284 4
251 286 5
251 292 2
252 1 5
252 6 5
252 10 4
252 21 4
252 23 3
252 24 5
252 30 5
252 32 4
252 41 4
252 44 5
252 46 5
252 48 4
252 56 2
252 66 4
252 75 1
252 93 4
252 99 4
252 121 2
252 129 4
252 131 1
252 139 4
252 141 4
252 158 5
252 183 4
252 208 4
252 230 5
252 249 5
252 250 5
252 252 1
252 259 4
252 266 3
252 275 4
252 276 2
252 279 5
252 280 3
252 283 4
252 284 4
252 285 4
252 290 4
252 292 4
252 295 5
253 1 5
253 30 5
253 32 2
253 41 4
253 44 4
253 46 5
253 65 3
253 66 2
253 70 4
253 85 3
253 98 5
253 111 4
253 121 4
253 124 4
253 141 3
253 172 4
253 191 4
253 226 3
253 230 4
253 265 4
253 272 3
253 277 4
253 279 5
253 284 4
253 292 4
253 295 3
254 21 4
254 30 5
254 98 5
254 128 4
254 196 5
254 230 5
254 250 5
254 251 4
254 261 5
254 269 5
255 66 5
255 155 4
255 172 5
255 223 3
255 241 4
255 266 4
256 27 4
256 30 4
256 42 4
256 46 5
256 54 5
256 79 4
256 140 4
256 154 3
256 175 1
256 205 3
256 208 4
256 218 4
256 235 5
256 240 2
256 250 5
256 263 4
256 273 5
256 274 2
257 25 5
257 41 5
257 98 5
257 143 5
257 172 5
257 279 5
258 1 5
258 2 3
258 5 1
258 10 3
258 44 2
258 45 1
258 46 5
258 66 2
258 84 3
258 94 1
258 96 4
258 98 4
258 116 4
258 131 2
258 136 2
258 150 5
258 162 2
258 172 1
258 196 5
258 204 3
258 205 4
258 212 1
258 230 5
258 250 5
258 260 2
258 261 5
258 267 4
258 270 2
258 277 3
258 279 3
258 283 2
258 284 3
258 295 3
258 298 4
259 22 5
259 46 5
259 99 5
259 140 5
259 181 1
259 218 4
259 280 3
259 292 3
260 24 3
260 99 3
260 139 4
260 230 4
260 250 5
260 279 4
260 292 3
261 17 4
261 32 3
261 34 4
261 38 4
261 54 4
261 69 3
261 98 4
261 128 4
261 205 4
261 208 3
261 219 3
261 244 5
261 250 4
261 253 3
261 254 4
261 257 3
261 261 4
262 21 3
262 98 5
262 230 5
262 275 4
262 292 5
263 24 3
263 46 5
263 98 5
263 128 3
263 249 5
263 279 5
264 3 1
264 45 5
264 58 4
264 98 5
264 129 5
264 221 5
264 231 4
264 235 4
265 1 2
265 17 4
265 32 5
265 43 3
265 54 5
265 58 5
265 76 3
265 121 5
265 128 4
265 139 3
265 164 2
265 170 5
265 204 1
265 223 1
265 233 4
265 235 4
265 251 3
265 253 5
265 254 4
265 255 5
265 257 5
265 261 5
265 263 3
265 268 3
265 272 1
265 274 3
265 279 4
266 1 3
266 32 4
266 197 5
266 208 4
266 218 4
266 274 3
267 6 5
267 21 5
267 46 5
267 98 5
267 100 3
267 196 3
267 261 5
267 275 4
267 292 3
268 21 4
268 98 5
268 99 4
268 100 4
268 205 4
268 230 3
268 250 4
268 261 5
269 1 3
269 14 4
269 18 2
269 32 5
269 94 4
269 132 5
269 196 5
269 218 5
269 247 4
270 1 5
270 10 4
270 17 5
270 32 5
270 44 4
270 98 5
270 128 5
270 141 4
270 143 5
270 259 2
270 261 5
270 265 3
270 275 3
270 286 3
270 295 5
271 2 3
271 3 4
271 21 5
271 24 4
271 30 5
271 36 4
271 42 4
271 44 5
271 46 5
271 65 2
271 66 4
271 80 3
271 93 4
271 99 5
271 100 3
271 108 2
271 110 3
271 128 4
271 129 3
271 158 2
271 174 5
271 196 5
271 197 3
271 204 2
271 218 5
271 230 5
271 235 3
271 236 3
271 243 2
271 250 5
271 256 4
271 261 5
271 269 3
271 271 3
271 275 4
271 289 3